3.4054 2.7799 2.7379 2.9202 2.7642 2.5968 2.8404 2.8285 3.3641 3.7859 3.2603 2.4849 2.9929 3.0213 3.1337 2.9150 2.8308 2.7510 3.0328 2.9519 3.1730 3.4936 3.1241 3.3722 3.0357 3.0241 2.9546 3.1305 3.0534 3.2862 3.3641 3.1797 2.5690 3.2351 3.2495 3.2001 3.4485 3.1933 3.2280 3.4354 3.4982 3.2140 3.2140 3.1305 3.6056 3.6264 3.6805 3.4397 3.5359 3.4844 3.3166 3.1630 3.0835 3.3641 2.9492 3.0774 3.4012 3.3205 3.3763 2.3528
1.1130 2.2155 2.3767 1.7926 1.7314 2.3411 1.8906 2.1341 2.8332 2.1864 2.9573 2.5690 2.0811 2.1165 2.1235 1.9489 1.0320 1.7126 1.5683 1.8713 1.9046 1.5102 1.6400 1.3774 1.5893 1.3630 1.8207 1.5463 1.5385 1.4722 1.5411 0.8962 0.7766 1.7555 0.9508 0.7889 1.0056 1.7057 1.1263 1.3511 1.2295 0.8460 1.8070 1.2943 1.2300 1.7842 1.7693 1.8435 1.8426 1.7049 2.0287 1.6444 1.8121 2.1789 1.8199 1.6972 1.2897 1.7994 1.3414 0.9574
1.5893 2.0426 1.0969 0.6962 0.9276 1.2430 1.2552 0.7127 0.7834 0.6517 0.1520 0.0168 1.1156 0.8819 1.4796 1.2796 0.3990 0.6979 0.3005 -0.0000 0.4475 0.3830 0.6699 -0.0000 -0.0000 1.0152 0.5677 -0.0000 -0.0000 -0.0000 -0.0000 0.6231 0.2933 0.6318 0.5157 0.6341 0.1903 1.1177 1.4577 0.9230 0.5915 1.0639 0.7718 1.8497 0.7763 0.6929 0.8029 0.7770 0.8272 1.4044 1.3930 1.0890 0.9585 -0.0000 0.2965 -0.0000 -0.0000 -0.0000 -0.0000 -0.0000
2.4470 1.6843 1.7394 1.0117 1.8164 2.3082 1.6502 2.5912 2.0404 2.3827 1.5616 1.4038 2.1889 2.7060 2.9202 2.0319 1.1126 1.9420 2.0970 2.0319 2.3267 3.0958 1.4631 3.1499 2.4933 2.3440 2.9254 1.8233 2.4883 2.4042 2.6509 2.1413 2.8971 3.2175 1.9410 2.6750 3.3804 2.6629 2.5104 3.0014 2.7935 2.4984 3.3283 3.1051 2.6893 2.9546 3.0623 2.8500 2.8074 3.0270 3.4441 2.8214 3.5752 3.5075 3.4708 4.0214 2.7229 3.1146 3.0014 2.5313
-0.0000 -0.0000 -0.0000 -0.0000 -0.0000 -0.0000 -0.0000 -0.0000 -0.0000 -0.0000 -0.0000 -0.0000 -0.0000 -0.0000 -0.0000 -0.0000 -0.0000 -0.0000 -0.0000 -0.0000 -0.0000 -0.0000 -0.0000 -0.0000 -0.0000 -0.0000 -0.0000 -0.0000 -0.0000 -0.0000 -0.0000 -0.0000 -0.0000 -0.0000 -0.0000 -0.0000 -0.0000 -0.0000 -0.0000 -0.0000 -0.0000 -0.0000 -0.0000 -0.0000 -0.0000 -0.0000 -0.0000 -0.0000 -0.0000 -0.0000 -0.0000 -0.0000 -0.0000 -0.0000 -0.0000 -0.0000 -0.0000 -0.0000 -0.0000 -0.0000
3.9390 4.1028 4.1373 3.8562 4.1028 3.7555 3.9037 4.2291 3.9608 4.0860 3.8496 3.8300 3.9535 3.9462 4.0059 4.0293 3.9682 3.9983 3.9176 3.9037 4.0452 4.0137 4.0694 4.0372 4.0777 4.2291 3.9176 4.0943 3.8236 4.0214 4.2683 3.4890 4.0293 4.1730 4.2100 4.0372 4.1373 3.8046 3.8365 4.0372 3.9983 3.7921 3.9831 3.9907 3.9318 3.8763 3.9831 3.9831 3.7675 4.0943 3.9247 3.8430 4.0137 3.7436 3.8830 4.0860 3.8830 3.9756 3.7377 3.9318
2.1050 1.9568 1.8768 1.9198 1.9179 2.0276 2.0118 1.9410 1.8750 1.9479 1.9323 2.0491 1.8614 1.9323 2.1715 2.1271 2.0502 2.0383 2.2078 2.2832 2.4782 2.5208 2.7357 2.7709 2.7401 2.7598 2.9874 2.8820 2.6549 2.8721 2.8647 3.0593 2.8143 2.9202 3.1899 2.8997 3.3600 3.0184 3.3283 3.4982 3.1114 3.2495 3.2458 3.4485 3.3480 3.1532 3.3283 3.2036 3.1730 3.0927 3.1146 3.0387 3.2140 3.0299 2.8845 3.2140 2.9439 2.9022 2.8404 3.1083
1.0811 -0.0000 -0.0000 -0.0000 -0.0000 1.1075 0.6239 0.1015 0.5347 0.7064 0.7279 0.0303 0.9577 0.8359 0.6674 0.7236 0.8829 0.8076 0.2068 1.0803 0.6355 0.5591 -0.0000 -0.0000 0.5474 -0.0000 -0.0000 0.0881 0.6163 0.2367 0.7178 0.6400 0.2141 0.3988 0.7005 1.0848 0.6202 0.6456 0.5390 0.4044 0.1283 -0.0000 0.6663 0.5687 -0.0000 1.4345 1.1229 1.7776 1.6314 1.4643 -0.0000 1.0737 0.2812 0.4782 1.1800 0.9382 0.9599 0.6135 0.9829 0.7633
3.0958 2.5949 2.3124 2.3411 2.1015 1.9518 1.1951 2.2014 1.5825 1.9808 2.4486 2.1259 1.6271 1.9931 2.1401 1.5096 0.9987 1.1446 2.2928 3.8172 2.5278 3.3051 3.8695 4.5560 4.2485 4.4191 4.1639 3.5954 4.1730 3.9318 4.4191 4.5168 3.8899 4.5694 4.6108 4.4667 2.8120 3.2105 3.3600 4.0059 4.6108 4.5168 4.3626 2.8027 3.0357 3.1865 3.2105 3.3763 3.4397 3.0184 3.6108 3.4618 4.6250 4.5968 4.5560 3.9390 4.7463 4.3196 4.7626 4.6688
1.2002 0.8704 1.6560 1.5703 0.6959 1.8869 1.3318 1.1207 0.9258 1.3790 1.2186 1.0064 1.3275 2.0644 1.8104 2.2027 2.1508 2.2323 2.0789 2.5727 0.9100 0.6223 0.5287 0.6672 1.3592 0.3347 0.8565 0.6011 2.5139 2.3368 1.3947 1.2223 1.3392 1.3202 1.0688 0.9844 1.0611 0.8856 0.4726 0.8897 1.6451 0.8295 1.0075 1.6458 0.7446 0.6226 1.1736 0.8571 1.2701 0.7158 0.9226 0.6663 0.5212 1.0121 0.5996 1.7410 1.8338 1.7867 1.3570 1.7434
2.1864 2.0868 1.9839 1.7718 2.2722 1.9489 2.2547 1.3658 2.1096 2.0297 2.4616 2.1839 2.1154 1.9074 2.9073 2.0265 1.7165 1.8897 2.3252 2.0778 2.2415 2.0233 2.6832 2.2245 3.1466 1.8173 2.8308 1.5743 1.6866 2.1401 2.0097 2.4183 1.8641 2.0491 1.7157 1.9900 2.5838 2.6750 2.3310 1.6285 2.2297 1.9727 1.7555 1.4061 1.9246 2.3012 1.9890 1.8943 1.2958 1.8587 1.7236 1.1237 1.6949 1.9294 1.7291 1.4404 1.8079 1.7189 2.0766 1.2562
4.5168 4.4308 4.4308 4.3848 4.3626 4.0777 4.5968 4.3517 4.3961 4.3302 4.0943 4.4667 4.3302 4.2988 4.2195 4.1821 4.3196 4.3409 4.2485 4.1199 4.4076 4.2583 4.3091 4.3737 4.2988 4.6838 4.4914 4.2387 4.2885 4.3626 4.5168 3.4224 3.1241 3.2640 3.3089 3.5311 3.3845 3.8430 4.1550 4.3196 4.4667 4.3737 4.3196 4.3848 4.4546 4.3302 4.3409 4.4076 4.3848 4.2583 4.5040 4.4076 4.2291 4.0860 4.3091 4.0293 3.9608 4.3737 3.7436 4.0059
1.5424 1.7026 1.7555 1.5969 2.0287 2.9874 2.6811 2.4716 2.3965 1.7386 1.7418 1.7693 1.5083 1.4814 1.6228 1.8190 1.6768 1.6843 1.5477 1.9788 1.7434 1.6039 2.0524 2.0879 1.9313 1.8915 1.7620 1.8668 1.5880 1.8207 2.0319 2.1545 2.6629 1.5990 1.7514 1.5690 1.8260 1.6851 1.6934 1.7150 1.8027 1.8786 2.1027 2.1789 1.9508 2.1801 2.2052 2.4832 1.9587 1.6987 2.0212 1.7842 1.9528 1.9065 1.6745 2.0160 2.1004 2.3082 1.7196 1.7985
0.9840 1.2257 0.9422 1.6995 1.7636 2.0128 1.2969 1.7994 0.8401 1.4674 1.8713 1.1160 1.4107 1.7579 1.7809 1.3874 1.0375 1.3774 1.3685 1.9037 1.4625 1.6798 0.9655 1.2474 1.2611 1.2176 1.4926 1.1032 1.5051 1.7563 1.7859 1.8079 1.5798 1.5307 2.1073 1.0554 1.5391 2.2388 1.9037 1.8190 1.8768 2.2832 2.0223 2.0545 2.0013 1.8740 2.1642 1.4027 1.4907 1.5007 0.9961 1.3403 1.6516 1.7498 1.3874 1.7228 1.4021 1.4050 1.5771 1.3191
1.4044 1.6451 1.4613 0.4905 1.6094 1.2271 0.3779 0.8611 0.7898 1.1280 1.0446 0.9833 0.8768 0.1352 0.8658 1.1956 0.7172 1.4113 0.9251 1.4876 1.3191 0.9219 0.7161 1.0927 1.2984 0.4969 1.5791 0.5460 1.2474 1.4199 0.7132 1.0828 0.6448 1.6151 1.4327 0.9198 1.0152 1.0978 0.4900 1.0729 0.7198 0.2330 1.4281 0.1163 1.0635 1.1905 0.9784 1.4124 0.6239 0.7526 1.1168 1.3265 1.0558 0.5015 1.3713 0.6740 1.0639 1.1750 0.6381 0.5132
-0.0000 -0.0000 -0.0000 -0.0000 -0.0000 -0.0000 -0.0000 -0.0000 -0.0000 -0.0000 -0.0000 -0.0000 -0.0000 -0.0000 -0.0000 -0.0000 -0.0000 -0.0000 -0.0000 -0.0000 -0.0000 -0.0000 1.7909 0.6410 1.0530 0.6525 1.1420 1.3223 1.2386 0.4559 1.1376 1.3863 1.3740 1.3581 0.7375 0.3221 0.4990 1.3970 0.8269 1.0265 1.1508 1.0651 0.6493 0.6107 0.6114 0.4701 0.7443 1.1083 0.7651 -0.0000 0.5057 0.9747 1.0245 1.0774 0.0168 0.6119 -0.0000 0.0840 0.0338 1.1181
0.9592 1.0799 0.6598 0.1015 0.9863 0.5837 0.6138 0.7314 1.0865 0.8512 0.5569 1.3419 0.9322 0.6724 1.0558 1.1181 0.0168 -0.0000 -0.0000 0.0336 1.0848 0.9964 -0.0000 0.9031 1.1836 0.9240 0.5938 1.3824 0.9567 0.6541 0.5347 0.3718 0.8558 1.1376 1.8036 1.0713 1.1289 1.0615 0.6352 1.6760 1.9667 1.7710 1.3592 1.8740 1.1850 0.6347 1.9808 0.7024 0.9024 1.0591 1.6671 -0.0000 -0.0000 0.6837 0.7073 -0.0000 0.1007 1.6656 0.1520 -0.0000
-0.0000 -0.0000 -0.0000 -0.0000 -0.0000 -0.0000 -0.0000 -0.0000 -0.0000 -0.0000 -0.0000 -0.0000 -0.0000 -0.0000 -0.0000 -0.0000 -0.0000 -0.0000 -0.0000 -0.0000 -0.0000 -0.0000 -0.0000 -0.0000 -0.0000 -0.0000 -0.0000 -0.0000 -0.0000 -0.0000 -0.0000 -0.0000 -0.0000 -0.0000 -0.0000 -0.0000 -0.0000 -0.0000 -0.0000 -0.0000 -0.0000 -0.0000 -0.0000 -0.0000 -0.0000 -0.0000 -0.0000 -0.0000 -0.0000 -0.0000 -0.0000 -0.0000 -0.0000 -0.0000 -0.0000 -0.0000 -0.0000 -0.0000 -0.0000 -0.0000
0.1392 0.5150 1.0953 1.5576 0.2948 -0.0000 -0.0000 0.9304 1.1289 0.8698 0.4122 -0.0000 1.3829 1.3919 1.0579 0.8120 1.3371 0.3199 0.2353 0.5594 0.8638 -0.0000 0.4289 0.9202 0.5777 1.2484 1.5359 1.3930 1.1337 0.6517 0.9706 0.9556 0.6163 0.3830 1.1096 1.0811 1.4674 1.0631 1.4802 0.9300 0.8301 1.2821 1.0741 1.5346 0.6962 0.9863 1.1267 0.2834 1.0898 1.3824 1.2557 1.4216 1.0623 1.0807 1.0869 1.1289 1.1691 1.2110 1.0902 1.1928
4.1285 4.1461 3.7495 3.5407 3.6424 3.8562 3.6108 3.2677 3.5028 3.5802 3.5075 3.4982 3.8967 3.6477 2.9359 2.8452 2.7186 2.6791 2.7867 2.8452 2.6410 2.8097 2.8027 2.6351 2.8285 2.7466 2.7981 2.6351 2.7165 2.6177 2.5296 2.6649 2.6025 2.7165 2.5156 2.5104 2.5617 2.7186 2.7379 3.7495 4.0694 3.7921 3.5903 3.9037 3.0866 2.8356 3.5407 3.0744 2.7207 2.7822 2.9546 3.1597 3.5652 3.3845 3.1241 2.9280 2.8622 3.0805 3.3480 3.4485
4.4914 4.5560 4.4667 4.4667 4.4427 5.1123 4.6991 4.7146 4.6394 4.2988 4.5427 4.5427 4.5297 4.4546 4.1913 4.3409 4.1199 4.6540 4.2485 4.5168 4.6540 4.5168 4.4667 4.7303 4.2485 4.5168 4.7463 4.4546 4.6991 4.5297 3.9907 4.3091 4.3196 4.8130 4.2583 4.4191 4.3302 4.6688 4.3737 4.1199 4.7626 4.4308 4.4790 4.5968 4.5040 4.4191 4.3961 3.9907 4.1821 4.5830 4.2683 4.9032 4.6688 4.5040 4.4790 4.5168 4.1199 4.5968 4.5427 4.1113
1.9829 2.3934 3.0927 2.0913 3.1730 2.1247 2.0233 2.1926 2.9254 2.2155 2.3980 2.0448 2.4633 1.6039 2.6391 2.4616 1.9074 1.8759 2.0383 1.9859 1.5676 1.9548 2.2970 2.0845 2.0297 2.6832 1.6828 2.0055 1.7189 2.1801 2.5509 2.2507 1.5616 1.7620 1.9548 2.4551 2.4042 1.6172 1.7563 1.6911 2.1448 1.5656 2.2682 1.7330 2.0212 1.9065 1.7259 2.2547 1.4067 2.1964 1.5007 1.8750 1.9018 2.2818 2.5313 1.8207 2.1703 1.8722 1.9941 2.1926
4.3961 4.8130 4.9222 4.5694 4.6108 4.7463 4.7303 4.8661 4.6838 4.6394 4.7463 4.6688 4.4191 4.8661 4.6838 4.5560 4.5968 4.4546 4.9222 4.7146 5.2626 5.1846 4.9416 4.7303 4.6838 4.8845 5.0893 4.7146 4.6688 5.1123 4.8661 4.9032 4.8661 4.9816 4.7146 4.7463 4.8661 4.8845 5.1123 4.9614 4.5297 4.6540 4.8481 4.7959 4.7463 4.9816 4.6108 4.7626 5.0448 4.7626 4.9614 4.9032 4.7791 5.0233 5.2359 4.6394 5.0448 4.8304 4.5427 5.0668
1.4067 1.6386 1.3880 1.1433 1.0795 1.1499 1.7220 2.0589 1.4286 1.8906 0.5774 2.1666 1.5563 1.6207 2.0622 1.6911 1.2195 2.0924 1.2309 1.5483 1.5424 1.9332 2.1545 2.1401 2.3382 2.0170 2.3210 1.4457 1.5127 1.8216 2.3411 2.0469 1.9538 2.1629 2.2415 1.8233 2.2750 1.8130 1.6745 1.6087 1.8444 1.3123 1.6820 1.7801 1.6949 1.6678 1.5108 1.5020 1.8199 1.8010 1.9869 1.2552 1.6429 1.2557 1.8668 2.4293 2.0856 1.9275 1.9103 2.5599
-0.0000 -0.0000 -0.0000 -0.0000 -0.0000 -0.0000 -0.0000 -0.0000 -0.0000 -0.0000 -0.0000 -0.0000 -0.0000 -0.0000 -0.0000 -0.0000 -0.0000 -0.0000 -0.0000 -0.0000 -0.0000 -0.0000 -0.0000 -0.0000 -0.0000 -0.0000 -0.0000 -0.0000 -0.0000 -0.0000 -0.0000 -0.0000 -0.0000 -0.0000 -0.0000 -0.0000 -0.0000 -0.0000 -0.0000 -0.0000 -0.0000 -0.0000 -0.0000 -0.0000 -0.0000 -0.0000 -0.0000 -0.0000 -0.0000 -0.0000 -0.0000 -0.0000 -0.0000 -0.0000 -0.0000 -0.0000 -0.0000 -0.0000 -0.0000 -0.0000
1.8356 1.8632 1.8515 2.2777 1.7306 1.8096 1.6228 1.6775 2.0947 1.9236 1.8156 2.7754 1.4901 1.7087 0.9501 1.5102 0.8305 0.7118 1.6473 1.5743 1.5294 1.3587 1.3740 0.8883 0.8308 1.0379 0.5560 1.2276 1.0206 1.3129 0.8748 1.0668 0.7236 0.8450 1.2596 1.3942 1.7909 1.3408 1.3419 1.5576 0.6249 1.3249 1.7299 0.3363 0.8628 1.5811 1.5723 1.3082 1.2096 1.3118 1.0700 1.0857 1.3005 1.6172 1.6300 1.4577 0.7800 1.3942 1.7041 1.7628
-0.0000 -0.0000 -0.0000 -0.0000 -0.0000 -0.0000 -0.0000 -0.0000 -0.0000 -0.0000 -0.0000 -0.0000 -0.0000 -0.0000 -0.0000 -0.0000 -0.0000 -0.0000 -0.0000 -0.0000 -0.0000 -0.0000 -0.0000 -0.0000 -0.0000 -0.0000 -0.0000 -0.0000 -0.0000 -0.0000 -0.0000 -0.0000 -0.0000 -0.0000 -0.0000 -0.0000 -0.0000 -0.0000 -0.0000 -0.0000 -0.0000 -0.0000 -0.0000 -0.0000 -0.0000 -0.0000 -0.0000 -0.0000 -0.0000 -0.0000 -0.0000 -0.0000 -0.0000 -0.0000 -0.0000 -0.0000 -0.0000 -0.0000 -0.0000 -0.0000
2.6216 2.7081 2.6811 2.4567 2.6689 2.5931 2.6293 2.6529 2.4666 2.5875 2.4917 1.5811 2.5581 2.4866 2.2494 2.2284 2.2245 2.3096 2.2859 2.2668 2.4917 2.4198 2.4782 2.4325 2.3382 2.1889 2.5349 2.3752 2.3617 2.0856 2.3528 2.2065 1.6465 1.8408 2.5491 1.9508 2.4027 2.3919 2.4073 2.2052 2.3310 2.3588 2.4230 2.3499 2.5563 2.1154 2.2155 2.1593 2.1654 2.6177 2.4666 2.4089 2.4699 2.4104 2.4849 2.4089 2.5226 2.3296 2.2804 2.5366
2.0170 2.1282 2.5893 1.9198 1.4938 1.7579 1.9459 1.4741 1.6436 1.9410 1.7080 1.5255 1.4487 1.4281 1.1961 1.4858 1.3959 1.5791 1.4698 1.6612 2.2601 2.4073 1.9084 1.7243 1.6122 2.2116 2.1876 2.1532 1.8860 2.0107 1.6025 2.0170 1.8551 1.9391 2.5174 2.1715 1.5096 1.9284 1.6516 1.7370 1.8053 1.8061 2.2682 1.8019 1.6465 1.8805 2.0901 1.8668 1.9207 1.9518 1.9150 2.0128 1.7228 1.9188 2.2362 2.4277 2.2722 1.7994 2.0361 2.3210
0.7010 1.1673 1.0995 1.3260 1.4374 1.0199 1.1168 0.6294 0.8825 0.9666 1.0003 0.7559 0.3579 1.0566 0.8832 0.8782 1.0446 0.5143 1.3056 0.9083 1.5596 1.0599 0.8450 1.3818 0.8136 0.7585 1.4619 0.7991 1.3129 1.0234 0.6718 0.8382 1.0708 1.3191 1.6004 1.1420 1.5153 0.7505 0.6990 1.0102 1.0676 1.6775 1.5007 0.6937 1.3318 1.5764 1.1539 0.9765 0.6109 0.2801 1.3970 1.0807 0.8013 1.3554 1.0324 0.8205 0.8029 0.6347 1.4511 0.2617
3.1466 2.9254 3.3283 3.1630 3.2750 2.4389 3.3283 2.7598 2.8452 2.9150 2.6649 2.8261 3.1797 2.8524 3.1899 3.0866 3.1369 2.6063 3.0713 3.2567 3.4096 3.1241 3.1209 3.1241 2.8143 3.1369 2.7102 3.0070 3.2531 3.0416 3.1146 2.9412 2.8671 2.9307 3.2862 3.5264 3.0623 2.7576 3.1730 3.2495 3.2070 3.3480 2.8167 2.9600 2.9846 2.9763 3.1664 3.5264 3.6056 3.0805 3.1831 2.9254 3.3763 3.1865 3.2825 2.7186 3.3600 2.3054 2.9901 2.6791
0.3637 0.4135 -0.0000 0.6740 -0.0000 0.1328 0.6341 0.1102 0.6842 0.6795 0.5364 -0.0000 0.1063 -0.0000 0.1943 0.5462 0.5219 0.2022 0.7361 0.3226 0.6604 0.4473 -0.0000 1.0953 -0.0000 0.1433 0.4816 0.0507 0.2392 0.6999 0.6355 -0.0000 0.1318 -0.0000 1.0631 0.1690 0.0338 1.0048 0.5390 0.1501 -0.0000 0.1204 0.5822 0.5392 0.6109 0.2851 0.9379 1.2711 0.3896 1.0230 0.9205 1.3768 1.1100 0.3367 -0.0000 1.3913 2.1096 -0.0000 0.7216 -0.0000
-0.0000 -0.0000 -0.0000 -0.0000 -0.0000 -0.0000 -0.0000 -0.0000 -0.0000 -0.0000 -0.0000 -0.0000 -0.0000 -0.0000 -0.0000 -0.0000 -0.0000 -0.0000 -0.0000 -0.0000 -0.0000 -0.0000 -0.0000 -0.0000 -0.0000 -0.0000 -0.0000 -0.0000 -0.0000 -0.0000 -0.0000 -0.0000 -0.0000 -0.0000 -0.0000 -0.0000 -0.0000 -0.0000 -0.0000 -0.0000 -0.0000 -0.0000 -0.0000 -0.0000 -0.0000 -0.0000 -0.0000 -0.0000 -0.0000 -0.0000 -0.0000 -0.0000 -0.0000 -0.0000 -0.0000 -0.0000 -0.0000 -0.0000 -0.0000 -0.0000
4.0452 3.9608 3.8172 3.1831 3.8562 3.8899 4.1113 4.2485 3.6640 4.1461 3.8967 3.9390 4.0059 4.0372 4.3737 3.6695 3.2677 3.6056 3.6805 4.0452 4.0860 3.3763 3.2175 3.6861 3.6056 4.0532 3.7202 3.8967 4.1730 4.3409 4.1821 3.4441 3.1146 3.7377 3.9831 3.6370 4.1730 3.8830 4.1285 4.1730 4.2100 3.7030 4.2195 4.2683 3.8830 3.6424 3.5852 4.0694 3.7797 3.5752 4.3626 3.9682 4.0452 3.6531 3.7675 3.6695 3.5359 4.2291 4.1373 4.0293
0.7770 0.8634 0.6506 0.7797 0.5200 0.7770 1.0470 0.7149 0.7815 0.6104 0.5844 0.8132 0.6820 0.7597 0.6815 0.6122 0.7361 0.6239 0.7170 0.8366 0.9031 0.6787 0.5705 0.7147 0.7024 0.5504 0.8212 0.6889 0.6909 0.7511 0.7861 0.9688 0.8266 0.7033 0.6255 0.5822 0.3824 0.6812 0.8398 0.9072 0.8463 0.8668 0.8880 0.9205 0.6820 0.9465 0.8914 0.8269 0.8539 0.8440 0.8751 0.8424 0.8904 0.7384 0.9695 0.8615 0.6884 0.9173 0.8529 0.8379
2.2441 1.8860 2.2065 2.3139 1.7418 1.9065 2.5690 2.0611 1.9951 2.0722 1.5710 2.1154 1.9479 2.2818 1.9400 2.1247 2.6082 1.8560 2.0107 2.3167 2.5366 2.2763 2.2873 2.8895 3.0896 3.2937 1.8329 2.5261 2.1200 1.7571 1.9839 1.7338 2.2845 1.7943 2.1976 2.4600 2.3514 2.4421 1.8190 1.9597 1.6436 1.8233 1.6851 1.8173 1.8641 2.2507 2.3558 1.9313 1.7595 2.7336 1.8303 1.8695 1.7450 2.2628 2.1318 1.7243 1.9498 2.0924 2.1282 2.0633
1.7994 2.2628 1.9489 2.2468 1.9972 2.3012 2.4089 2.2349 2.1752 2.3996 2.3965 2.0822 2.1876 2.1642 2.1131 2.7144 2.7165 2.0513 2.3153 2.3195 2.0655 2.2682 2.3455 2.1520 2.0845 2.0394 2.3499 2.7799 2.0689 2.1365 2.3068 2.0800 2.4454 2.2362 1.8795 1.9459 2.0076 2.4073 1.8713 2.1282 1.8695 1.8216 2.7271 2.0644 2.5912 2.2481 2.0448 2.0329 2.0437 2.5635 2.4011 1.7571 1.9900 2.0361 2.2052 1.9768 2.0513 1.9469 1.6708 1.8587
2.7018 3.0989 2.9125 2.3195 1.3869 1.7734 1.5045 2.3110 1.6480 1.5818 1.6590 2.1165 1.6473 2.2547 1.8750 2.0149 2.8261 2.0404 2.4600 3.0989 2.7336 2.2401 2.7314 2.3397 2.4900 2.6852 2.8745 2.5782 2.4246 2.0981 2.6852 3.6370 3.0098 3.9462 3.1114 3.8430 3.0270 3.9682 3.6005 3.0683 3.6640 4.2583 3.7921 3.5216 4.0214 3.8172 4.2885 3.7555 4.2100 4.2683 3.6160 3.8967 3.9682 4.1730 4.7463 4.1028 3.8899 3.9106 3.5216 4.2885
2.7293 2.8671 2.5764 2.6549 2.3934 2.5856 3.0184 2.8097 2.8356 2.2547 2.4765 2.7336 2.2984 2.2984 2.5278 2.4120 2.6044 2.5156 2.5581 2.2091 2.5174 2.7776 2.5174 1.9558 2.7867 2.4389 2.1926 2.3411 2.4136 2.5036 2.6274 2.8598 2.5838 2.6006 2.7379 2.6196 2.5708 3.0387 2.7822 2.8598 2.7890 2.0890 2.9048 2.1377 2.2078 2.6609 2.4486 2.1341 2.3782 2.8476 2.5226 2.7912 2.5690 2.2695 2.9985 2.6082 3.0127 2.7207 2.7776 2.9022
1.2582 1.7378 1.8668 1.3964 1.7792 1.6851 1.0877 1.6866 1.7426 1.6663 2.0394 2.0513 1.7603 1.2651 1.3118 1.6407 1.6371 1.2537 1.3565 1.3441 1.1691 1.8329 1.4976 1.4601 1.0803 1.1113 1.5825 1.8036 2.1876 2.0045 1.8321 1.4565 1.7934 1.6783 2.0297 2.2468 2.9022 3.5311 2.9874 1.4951 1.6207 1.9808 1.5339 1.7710 1.6257 1.4345 1.5045 1.9410 1.0595 1.2756 1.6843 1.6626 1.5165 1.7636 1.9009 1.5077 1.5089 1.7792 1.3254 1.5928
2.2258 2.6216 2.4633 2.6430 2.2078 1.7701 1.7080 1.7977 1.5602 1.9498 1.3281 1.8453 1.7450 1.5359 1.1782 1.7466 1.4292 1.7299 1.5404 1.7693 1.3387 1.3807 1.8364 1.5576 1.5281 1.4428 1.8470 1.4858 1.3387 1.5649 1.2401 1.6343 1.6634 1.4298 1.3360 1.2044 1.3511 1.6200 2.0502 2.3692 1.7628 1.5411 1.5563 1.3959 1.8242 1.1678 1.6350 1.5730 1.3030 0.9799 0.9279 1.8242 1.5431 1.4649 1.4753 1.2994 1.3774 1.2276 1.7792 1.4607
3.5028 3.5553 3.8899 3.8430 3.7859 3.5652 3.2495 3.7318 2.9176 3.9535 3.6317 3.3401 3.8763 3.7797 4.0860 3.5264 3.9608 4.1639 3.8628 3.4618 2.9150 3.5852 3.9682 4.1285 3.6750 3.5216 3.2387 3.2937 3.8496 4.0777 3.6108 3.6370 3.8109 3.8562 3.3051 3.4311 3.0927 3.4441 3.3641 3.1933 3.3970 3.3401 3.2937 3.6917 3.5903 3.7797 3.0270 3.6264 3.3970 3.4054 3.3205 3.4311 3.8562 2.9929 2.1142 4.0372 3.6861 3.4982 3.4181 3.4096
2.6293 2.7250 2.1964 2.4649 2.5838 2.7510 2.8820 2.7207 2.6709 2.1142 1.9910 2.6410 2.3455 2.2507 2.3873 2.7401 1.7322 1.8329 3.1273 2.6371 2.8050 2.6609 2.5838 2.5226 2.6955 2.5635 2.8261 2.0426 2.2736 2.7293 3.0014 2.6351 2.3950 2.3965 3.1083 2.9901 2.4454 2.5672 3.0683 2.9048 2.6549 3.0504 2.8721 2.4699 2.8356 3.3401 2.8190 3.1434 2.9333 2.7207 2.9465 2.6139 3.1967 2.1329 2.5949 2.3919 2.4649 3.1177 2.8549 2.7620
1.7934 1.9352 1.4032 1.8002 2.1926 2.0340 2.1200 2.0935 1.6228 1.7283 2.0502 1.7977 1.5204 2.1318 1.9798 2.0711 1.5178 1.4851 0.9205 1.6025 1.6813 2.4198 1.7243 1.8426 1.7394 2.1271 1.9093 1.8139 2.1401 1.5411 2.2349 1.6881 1.8925 2.2142 1.7652 1.8686 2.2454 1.9141 2.1715 1.8650 1.7111 1.0218 1.3707 1.8686 1.4790 1.8104 1.8053 2.2818 1.4938 2.2614 1.9518 2.0633 1.7726 1.5811 1.2974 1.8795 1.8614 1.9508 1.8915 1.8851
1.3005 1.7867 1.4988 1.4858 1.2592 1.3061 1.1910 1.6851 1.3930 1.5914 0.9173 1.3307 1.1207 1.3874 0.9900 1.1836 1.1919 1.3297 1.4957 1.1016 1.1804 1.3494 1.2087 1.3212 1.0482 1.2587 1.8740 1.2938 1.3360 1.3408 1.2706 1.3366 1.3244 1.6641 1.4205 1.3609 1.8515 1.3813 1.3398 1.2063 1.0522 1.4649 1.3685 1.2411 1.2333 1.5115 1.4643 1.4988 1.6634 1.4643 1.2691 2.3843 1.7734 1.3774 1.0494 1.2252 1.2661 1.3334 1.2781 1.4802
4.7959 4.5040 4.3196 4.6991 5.0233 4.7146 4.6540 4.4427 4.8661 4.9032 4.8845 4.6838 4.1373 4.8304 4.5694 4.7959 4.6838 5.0893 4.8845 5.0233 4.9614 4.6838 4.7959 4.8845 4.8304 4.7146 4.9032 4.8845 4.4914 5.0448 4.9032 4.7146 4.9222 4.8130 4.8304 4.8304 4.7463 4.8130 4.7463 4.5830 4.7146 4.9222 4.3517 4.7303 3.9462 3.8430 4.8481 4.6540 3.7983 5.0668 3.9390 4.8304 4.6540 5.0023 4.7463 5.2099 5.0893 4.6250 5.0668 4.8304
2.0733 2.1341 2.0689 1.6708 1.6949 2.0700 2.0404 2.5893 3.4441 3.0387 3.1597 2.1142 2.2534 2.6254 2.5296 2.5563 3.9247 4.1199 3.0098 2.9901 1.8130 2.3411 2.5402 2.6791 1.8777 2.8237 3.1051 2.5893 2.5654 2.2777 2.7958 2.6832 2.8795 2.9465 3.0155 3.0593 2.6914 3.0213 2.8946 2.4325 3.0683 3.0213 2.8845 2.2984 2.8921 3.3520 2.3873 3.3641 2.8404 3.1177 2.6976 3.9462 3.5359 2.4230 2.0415 2.7576 3.0213 4.1730 3.2458 3.1865
-0.0000 -0.0000 -0.0000 -0.0000 -0.0000 -0.0000 -0.0000 -0.0000 -0.0000 -0.0000 -0.0000 -0.0000 -0.0000 -0.0000 -0.0000 -0.0000 -0.0000 -0.0000 -0.0000 -0.0000 -0.0000 -0.0000 -0.0000 -0.0000 -0.0000 -0.0000 -0.0000 -0.0000 -0.0000 -0.0000 -0.0000 -0.0000 -0.0000 -0.0000 -0.0000 -0.0000 -0.0000 -0.0000 -0.0000 -0.0000 -0.0000 -0.0000 -0.0000 -0.0000 -0.0000 -0.0000 -0.0000 -0.0000 -0.0000 -0.0000 -0.0000 -0.0000 -0.0000 -0.0000 -0.0000 -0.0000 -0.0000 -0.0000 -0.0000 -0.0000
4.2988 3.9106 3.1146 3.8172 3.4618 4.0293 2.9176 2.8120 2.4214 3.0014 2.2763 2.1989 2.3210 2.2668 2.5019 2.1189 2.5019 2.7401 2.7123 3.3401 2.9519 2.8549 2.4183 2.5174 2.2928 1.9697 2.7207 2.2887 1.9617 2.2116 2.4011 2.5313 2.1715 2.6235 2.9763 2.2998 2.6101 2.1200 2.2401 2.2129 1.8578 2.5296 2.2873 2.6649 2.5987 2.5764 2.5001 2.2547 2.0733 2.3397 3.1209 4.3302 3.3845 2.8524 2.6852 2.3499 2.6549 2.2142 2.0372 2.7229
0.3746 0.0998 0.4390 0.4220 0.3324 0.6971 0.5268 0.6587 0.9425 0.6231 0.4414 -0.0000 -0.0000 0.5013 -0.0000 -0.0000 0.2465 -0.0000 -0.0000 -0.0000 -0.0000 -0.0000 -0.0000 0.2624 -0.0000 -0.0000 0.2871 1.0819 0.0998 -0.0000 -0.0000 -0.0000 0.3400 1.0542 0.6740 -0.0000 -0.0000 -0.0000 -0.0000 -0.0000 -0.0000 -0.0000 -0.0000 -0.0000 -0.0000 -0.0000 -0.0000 -0.0000 -0.0000 -0.0000 -0.0000 -0.0000 -0.0000 -0.0000 -0.0000 -0.0000 -0.0000 -0.0000 -0.0000 -0.0000
4.7959 4.9816 4.9816 4.7959 5.0668 4.7303 4.9416 5.0233 5.1358 5.4723 5.0448 5.0233 4.7303 4.9416 5.0893 4.8845 4.8130 5.1846 4.6108 4.9222 4.4076 4.5830 4.5560 4.2988 4.1285 4.2100 4.3302 4.1199 4.0532 3.9535 4.2291 4.1821 4.0137 4.0452 4.1373 3.9535 4.0943 4.3196 4.1913 4.1285 4.2885 4.2885 3.7859 4.3517 4.3737 4.0137 4.2583 4.3091 4.3626 4.3409 3.5456 4.3302 4.2291 4.3626 4.5968 4.3626 4.0613 4.4667 4.5168 4.3626
1.3763 0.8644 1.1315 1.0680 1.4963 1.5636 1.8053 2.1015 1.8027 1.8130 1.8435 1.4907 1.4410 1.5696 1.5928 1.5907 1.9910 1.6228 1.7228 1.7943 1.1655 1.2923 1.8130 1.8740 1.8841 0.8095 1.4882 1.4559 2.0733 1.6546 2.1282 2.1306 1.5210 2.1532 2.7357 2.3238 1.4505 1.2329 1.6480 2.2065 2.9736 2.7620 2.4167 2.5437 1.4920 1.8814 2.1520 1.9577 1.9207 1.9449 1.6597 2.5104 2.0426 1.9558 2.1212 3.5603 2.5226 2.3238 2.3573 1.5275
-0.0000 -0.0000 -0.0000 -0.0000 -0.0000 -0.0000 -0.0000 -0.0000 -0.0000 -0.0000 -0.0000 -0.0000 -0.0000 -0.0000 -0.0000 -0.0000 -0.0000 -0.0000 -0.0000 -0.0000 -0.0000 -0.0000 -0.0000 -0.0000 -0.0000 -0.0000 -0.0000 -0.0000 -0.0000 -0.0000 -0.0000 -0.0000 -0.0000 -0.0000 -0.0000 -0.0000 -0.0000 -0.0000 -0.0000 -0.0000 -0.0000 -0.0000 -0.0000 -0.0000 -0.0000 -0.0000 -0.0000 -0.0000 -0.0000 -0.0000 -0.0000 -0.0000 -0.0000 -0.0000 -0.0000 -0.0000 -0.0000 -0.0000 -0.0000 -0.0000
3.0653 3.0927 3.2210 2.8921 2.9985 3.0805 2.9176 3.2423 3.4139 2.5599 3.0989 2.6914 2.5838 3.0299 3.2567 3.4890 3.0744 2.9492 3.2280 3.1967 3.4574 3.2495 3.3166 3.0014 2.9874 2.9465 2.6371 3.0653 3.1083 2.4900 3.2001 2.9307 3.1764 3.3244 3.0593 2.9736 3.6805 3.7377 3.2862 3.2245 3.0774 3.3440 3.3205 3.2001 2.7576 2.8261 3.4397 3.4054 3.3722 3.2280 2.7293 2.7379 3.5075 2.9600 3.5028 3.1967 3.3520 2.5987 2.8332 2.6669
2.4027 1.8722 2.5800 2.3040 1.6678 2.5455 2.4900 1.9009 1.9962 2.7466 2.5122 2.4917 2.6139 2.1777 2.6254 2.5053 2.3411 2.3426 2.2078 2.5838 2.4682 2.1989 2.4816 2.8380 2.5243 2.6120 2.5420 3.1730 2.7186 2.2614 2.1901 2.2481 2.2349 2.5819 2.5968 2.9546 2.3888 2.6216 2.1839 2.5402 2.4421 2.4900 2.7379 2.8476 2.6216 2.6293 2.6549 2.7444 2.5599 2.6997 2.8027 1.5784 1.7220 2.3573 2.6689 2.3110 2.3382 2.3647 2.1727 2.1581
-0.0000 -0.0000 0.0168 0.1801 0.7164 -0.0000 0.3936 0.8269 1.0226 0.7167 1.5839 -0.0000 0.2067 0.7279 0.2843 0.1195 1.3355 0.6541 0.2914 -0.0000 0.5125 0.5623 0.5472 0.8934 0.6745 0.6820 1.2295 0.7002 0.4677 0.8819 1.0426 0.2728 -0.0000 0.7067 0.4258 -0.0000 0.1384 1.1372 0.4816 0.9300 1.2716 1.1276 1.5921 1.0651 0.6873 0.7170 0.9938 0.7024 0.8651 0.7334 0.6432 0.4677 -0.0000 0.5938 1.0957 0.6745 1.1372 1.1669 1.0230 1.0579
-0.0000 1.0676 1.3658 0.6045 0.6236 0.8301 0.7517 0.8337 0.6042 1.0222 0.6416 0.6887 0.6642 0.7314 0.3940 0.7124 0.4683 0.1891 0.1493 0.6032 0.2328 0.5648 0.6512 -0.0000 0.1753 -0.0000 -0.0000 -0.0000 -0.0000 0.5640 -0.0000 -0.0000 0.6045 -0.0000 -0.0000 -0.0000 -0.0000 -0.0000 -0.0000 -0.0000 -0.0000 0.6514 0.6163 0.6547 0.6693 0.1315 -0.0000 -0.0000 -0.0000 0.0805 -0.0000 -0.0000 -0.0000 0.0435 0.3847 -0.0000 -0.0000 -0.0000 -0.0000 0.6547
2.4984 1.6995 2.3797 2.5313 2.4666 2.8356 2.5912 2.8428 2.4373 2.6629 2.8921 2.6669 3.0958 2.8770 2.9985 3.0744 2.8167 3.1177 2.7844 2.2206 1.8786 1.9993 1.8373 1.5845 2.0139 2.3368 2.2998 1.9103 1.7330 2.2441 2.1282 2.0255 1.8596 1.9677 2.0822 2.0535 2.0340 2.1259 2.4502 2.2534 2.3996 2.5931 2.7981 2.3752 2.1235 1.8668 2.1271 2.4470 2.5278 2.5527 2.7754 2.5208 2.0789 2.0970 1.8321 2.0437 1.9227 1.9198 2.2928 2.2887
-0.0000 -0.0000 -0.0000 -0.0000 -0.0000 -0.0000 -0.0000 -0.0000 -0.0000 -0.0000 -0.0000 -0.0000 -0.0000 -0.0000 -0.0000 -0.0000 -0.0000 -0.0000 -0.0000 -0.0000 -0.0000 -0.0000 -0.0000 -0.0000 -0.0000 -0.0000 -0.0000 -0.0000 -0.0000 -0.0000 -0.0000 -0.0000 -0.0000 -0.0000 -0.0000 -0.0000 -0.0000 -0.0000 1.5217 2.4454 1.9921 2.2777 2.0644 2.2116 1.9568 2.3965 1.7514 1.5549 2.3470 3.1177 2.0677 2.3026 3.2750 2.7379 2.1282 2.3224 1.8303 1.9627 2.0329 2.3139
-0.0000 -0.0000 -0.0000 -0.0000 -0.0000 -0.0000 -0.0000 -0.0000 -0.0000 -0.0000 -0.0000 -0.0000 -0.0000 -0.0000 -0.0000 -0.0000 -0.0000 -0.0000 -0.0000 -0.0000 -0.0000 -0.0000 -0.0000 -0.0000 -0.0000 -0.0000 -0.0000 -0.0000 -0.0000 -0.0000 -0.0000 -0.0000 -0.0000 -0.0000 -0.0000 -0.0000 -0.0000 -0.0000 -0.0000 -0.0000 -0.0000 -0.0000 -0.0000 -0.0000 -0.0000 -0.0000 -0.0000 -0.0000 -0.0000 -0.0000 -0.0000 -0.0000 -0.0000 -0.0000 -0.0000 -0.0000 -0.0000 -0.0000 -0.0000 -0.0000
-0.0000 -0.0000 -0.0000 -0.0000 -0.0000 -0.0000 -0.0000 -0.0000 -0.0000 -0.0000 -0.0000 -0.0000 -0.0000 -0.0000 -0.0000 -0.0000 -0.0000 -0.0000 -0.0000 -0.0000 -0.0000 -0.0000 -0.0000 -0.0000 -0.0000 -0.0000 -0.0000 -0.0000 -0.0000 -0.0000 -0.0000 -0.0000 -0.0000 -0.0000 -0.0000 -0.0000 -0.0000 -0.0000 -0.0000 -0.0000 -0.0000 -0.0000 -0.0000 -0.0000 -0.0000 -0.0000 -0.0000 -0.0000 -0.0000 -0.0000 -0.0000 -0.0000 -0.0000 -0.0000 -0.0000 -0.0000 -0.0000 -0.0000 -0.0000 -0.0000
0.9691 0.9208 1.3376 0.7855 1.4015 1.4153 1.0498 0.8041 0.0107 0.2719 0.7302 1.1302 1.3366 0.9647 0.8799 0.6674 0.3950 0.7757 0.6493 0.2530 0.7297 0.6394 0.6176 0.6823 -0.0000 1.1298 0.4289 1.1473 -0.0000 0.1174 -0.0000 0.5665 1.3005 0.6737 1.4410 1.2816 1.3441 1.1442 1.2836 1.5852 1.6465 1.2907 1.3425 1.0911 1.1651 0.8231 1.4674 0.2843 0.6517 0.3119 0.2235 0.8979 0.4873 0.6737 0.8890 0.6466 0.6477 0.6683 0.6677 0.6397
2.2232 1.5921 1.4716 1.5690 1.5178 1.3674 2.0822 2.1666 2.0644 2.2040 2.6312 1.8805 1.8962 2.3873 1.5730 2.4535 1.7943 2.7081 2.8476 2.0890 2.1617 2.1703 2.1654 2.3153 2.0666 2.2002 2.6976 1.3430 1.9469 2.2956 2.4198 1.6597 2.0600 1.8242 2.0644 1.5811 2.0244 2.4967 1.5477 1.7555 1.7118 2.0276 1.5457 1.5811 1.5839 1.1782 1.8373 1.3286 1.6393 1.3286 1.4963 1.5811 1.6378 2.0589 1.8740 1.3355 1.2656 1.4505 1.4475 1.5669
1.4351 1.5431 1.3092 1.5643 1.9707 1.1700 1.7926 2.1472 1.4351 1.6400 1.2358 1.0877 0.9208 1.2562 1.2806 1.4523 1.7506 1.2631 1.8999 2.1377 1.8002 1.7181 1.1727 1.8524 1.7579 1.2656 1.2601 1.2329 1.2186 1.4170 1.5866 1.2096 1.0844 1.0995 1.3244 1.3494 1.1628 1.4404 1.4963 1.4571 1.3636 1.2372 1.2138 1.3376 1.3170 1.3774 1.2731 1.5490 1.3757 1.4577 1.5811 1.5886 1.3468 1.8915 1.5287 1.5418 1.1646 1.2587 1.4553 1.6285
3.8628 3.9756 4.3409 4.3961 4.1639 4.1373 3.9682 1.1610 4.1913 4.0532 3.3051 3.6370 3.2070 1.9303 3.4267 3.7797 3.0744 2.9228 2.1789 2.8190 3.8695 2.9573 3.5264 3.4267 3.5075 3.4982 3.5603 3.5702 3.7615 3.8967 3.6640 3.3641 3.6005 3.8172 3.8496 3.7436 3.9983 4.1913 4.1028 3.9247 4.3737 4.1639 3.8430 4.0372 3.8899 3.9318 4.1285 3.9037 3.7495 3.8236 3.6917 3.8763 3.9535 3.9106 3.8496 3.9983 3.6370 3.7318 3.6805 3.8830
4.8304 4.9614 5.0233 4.1639 3.9907 4.1730 4.0532 3.6805 4.0372 4.3626 4.7303 4.4308 4.7791 4.7791 4.7146 4.7463 4.9816 4.6838 5.3770 4.7626 4.8130 5.2899 4.9816 5.1846 4.9222 4.8481 4.5830 4.8661 5.0893 4.3517 4.7959 5.1123 5.6954 5.4723 4.8130 4.6250 4.9816 4.5168 4.3626 4.8661 4.6394 5.1599 5.3181 5.0023 4.8845 4.9032 4.9416 4.8845 4.9614 4.9816 4.9614 4.7303 4.3626 4.6688 4.3626 4.9032 4.7959 4.2387 5.3181 5.1123
2.1876 1.8216 2.2791 0.9980 0.7467 1.5596 1.8400 1.8225 2.1084 1.6820 2.1259 1.8704 2.0868 1.9627 2.1189 2.1703 1.7111 1.9717 2.0118 1.7926 1.7458 1.7314 1.8578 2.2682 1.4668 1.8506 2.2914 1.0562 2.2091 2.0947 2.0107 2.3499 1.9993 2.0139 1.8444 1.9528 1.8113 1.8400 1.8878 2.1038 1.7826 1.9410 1.7434 1.6745 1.8971 1.9931 1.9931 1.7677 2.1050 2.0437 2.1789 2.2375 1.9074 1.7751 1.8888 1.8650 2.0045 1.9548 1.9587 1.9065
1.8130 1.5935 1.6805 1.4147 1.6678 1.7710 1.5805 1.8795 1.9074 1.8659 1.6144 1.9246 2.1727 1.8233 1.6888 2.2002 1.7851 1.8190 1.7943 2.5104 2.3873 2.1964 1.5690 1.2796 1.6949 2.2984 2.5708 1.4298 2.4089 2.4357 1.6575 1.7498 1.5064 1.6582 1.8019 1.4631 1.6568 1.3746 1.4710 1.5730 1.8759 1.7474 1.7884 1.7026 1.6115 1.5921 1.5077 1.3403 1.7314 1.7165 1.5636 1.8096 1.8560 1.4428 1.6708 1.3392 1.7033 1.5907 1.6678 1.7751
2.1777 2.5208 2.3662 2.4136 2.1703 2.2736 2.3752 1.9188 1.7759 2.2887 1.9657 2.2534 2.0128 2.3224 1.8096 2.3195 2.4198 2.2928 2.5208 2.3455 2.2668 1.9498 2.2641 1.6612 1.6828 1.9141 1.9294 2.0666 2.3411 1.9188 2.0097 1.9303 2.1642 2.1926 1.8981 2.1413 2.5174 1.9391 1.8286 1.9179 1.5398 1.7418 1.7595 1.9880 1.8027 2.1789 2.6609 2.5420 2.0655 2.2258 2.4104 2.3980 2.3181 2.3054 2.4389 2.1989 2.2601 2.1401 2.4011 2.3950
0.8972 1.0982 0.5862 0.5973 0.3537 0.5113 0.4942 0.5031 0.7443 0.4044 0.9658 0.8575 1.0442 0.6680 0.0336 0.5943 0.5226 -0.0000 0.5594 0.7343 0.6598 0.7064 0.9636 0.7167 0.6745 0.5424 0.6477 0.6674 0.6737 0.5292 -0.0000 0.4218 0.6702 0.6453 0.5029 0.3507 0.1855 0.6130 0.6828 -0.0000 0.4942 0.1736 0.1904 -0.0000 0.6413 0.3896 0.9541 0.4353 -0.0000 0.3551 0.2463 0.6729 0.6480 0.0838 0.3791 0.9357 0.4334 0.6310 0.9904 0.0031
-0.0000 -0.0000 -0.0000 -0.0000 -0.0000 -0.0000 -0.0000 -0.0000 -0.0000 -0.0000 -0.0000 -0.0000 -0.0000 -0.0000 -0.0000 -0.0000 -0.0000 -0.0000 -0.0000 -0.0000 -0.0000 -0.0000 -0.0000 -0.0000 -0.0000 -0.0000 -0.0000 -0.0000 -0.0000 -0.0000 -0.0000 -0.0000 -0.0000 -0.0000 -0.0000 -0.0000 -0.0000 -0.0000 -0.0000 -0.0000 -0.0000 -0.0000 -0.0000 -0.0000 -0.0000 -0.0000 -0.0000 -0.0000 -0.0000 -0.0000 -0.0000 -0.0000 -0.0000 -0.0000 -0.0000 -0.0000 -0.0000 -0.0000 -0.0000 -0.0000
3.6370 4.5830 5.2626 3.8899 3.0744 4.0694 3.6585 4.2387 4.3302 4.4427 3.4890 4.7791 4.6991 4.4790 2.8745 4.0059 3.7675 3.0774 4.4427 3.6585 3.9247 4.4076 3.2140 3.6695 4.1821 4.5040 5.5776 5.4395 4.4790 4.5830 4.7959 3.9535 4.1821 3.7675 3.9318 4.6540 5.0668 4.6688 4.5694 4.1285 4.7626 4.2988 4.4427 4.3091 4.2485 4.5560 4.0613 4.7791 4.0372 3.5359 2.9307 3.1630 2.8074 2.9228 2.6811 2.6332 2.1964 2.4470 2.5156 1.9489
-0.0000 -0.0000 -0.0000 -0.0000 -0.0000 -0.0000 -0.0000 -0.0000 -0.0000 -0.0000 -0.0000 -0.0000 -0.0000 -0.0000 -0.0000 -0.0000 -0.0000 -0.0000 -0.0000 -0.0000 -0.0000 -0.0000 -0.0000 -0.0000 -0.0000 -0.0000 -0.0000 -0.0000 -0.0000 -0.0000 -0.0000 -0.0000 -0.0000 -0.0000 -0.0000 -0.0000 -0.0000 -0.0000 -0.0000 -0.0000 -0.0000 -0.0000 -0.0000 -0.0000 -0.0000 -0.0000 -0.0000 -0.0000 -0.0000 -0.0000 -0.0000 -0.0000 -0.0000 -0.0000 -0.0000 -0.0000 -0.0000 -0.0000 -0.0000 -0.0000
1.0454 1.3543 0.8054 0.5902 1.3082 1.2319 1.1420 1.5832 0.7346 1.6307 0.5316 0.3673 0.1726 0.3515 0.3439 0.3769 1.2498 1.0647 0.7399 1.6904 1.2035 0.7923 1.2007 1.4176 1.2152 1.1517 1.3020 1.5001 1.0923 1.5115 1.9381 1.0865 2.2791 1.6851 1.5096 1.8805 1.9065 1.8312 1.6649 0.6536 1.3451 1.1385 1.2096 1.8551 1.3869 1.4692 1.1878 1.3265 1.9217 1.4345 1.5649 0.9490 1.5893 1.8578 0.9717 1.6858 1.0700 1.8347 1.1016 0.5445
0.9142 0.7828 0.5562 1.0121 1.4380 1.0923 1.7314 1.0974 1.7701 0.5807 1.4889 0.7121 1.3366 0.7651 1.4759 1.2933 0.5347 0.4143 0.6247 0.9297 1.2626 1.1575 1.2711 0.9859 1.3587 1.3254 1.0819 1.0199 1.0656 -0.0000 0.3845 -0.0000 0.9145 0.2353 0.7024 0.4552 0.9721 1.1062 0.3361 0.6413 1.1552 0.8822 1.0090 0.6666 1.1592 -0.0000 1.2953 0.6901 0.4293 0.2668 0.6004 0.6127 0.6145 1.2223 0.9205 1.3176 1.1804 1.1878 1.3674 1.2953
1.0844 1.5845 1.2537 1.5716 1.5569 1.5948 1.8659 1.5437 1.2646 1.3197 1.4747 1.5404 1.5556 1.8860 1.5616 1.6221 1.7842 1.6436 2.9307 1.6678 1.3516 1.6221 1.7884 1.7530 2.1839 2.0448 1.6768 1.3549 1.7322 1.8233 1.3408 2.4373 1.6115 1.9758 1.8277 1.7743 1.9056 1.4275 2.0502 1.5750 2.0160 1.3796 1.9188 1.6768 1.8623 1.6108 1.9141 1.6122 1.6004 2.0045 2.0415 2.0045 2.0890 1.5275 2.2258 1.6094 1.8740 1.9687 1.9778 1.6738
1.4193 1.6980 1.2305 1.5516 1.4451 1.5962 1.5490 1.5431 1.1289 1.5281 1.5784 0.8215 1.5444 1.6451 1.4814 1.5549 1.5346 1.3763 1.2776 1.8668 1.1045 1.3239 1.1759 1.3414 1.4692 1.8632 1.5962 1.2806 1.9046 2.2561 1.9236 1.9342 2.0611 1.6264 1.7644 1.7080 1.3757 1.0869 1.1642 1.5159 1.0857 1.5045 1.5784 1.7283 1.7652 1.8488 1.9469 1.8207 1.9829 1.6686 2.3980 2.0958 1.8338 1.7926 1.9900 1.8373 2.1212 1.9607 2.3904 2.0329
0.9055 1.1539 0.9728 1.0179 1.0110 0.9980 1.0438 1.0029 1.3223 1.0635 1.1998 1.2513 1.4107 1.1961 1.5941 1.1198 1.2851 1.0688 1.3281 0.9751 1.0014 1.1464 1.3207 1.1868 1.6524 1.3286 1.1561 1.1814 1.3752 2.1027 1.2567 1.3652 1.1901 1.3647 1.3902 0.9972 1.1619 1.5983 1.5880 1.1873 1.2152 1.1795 0.9107 1.0770 1.1619 1.4251 1.1592 1.1660 1.1570 1.0944 1.1016 1.0199 1.0371 1.1530 1.1970 1.5159 1.3625 1.5121 1.7064 1.4595
2.6235 2.4816 2.6589 2.7554 2.2682 2.3812 2.4950 2.0901 2.2441 2.3296 3.4441 3.1597 3.8967 2.8721 3.0835 2.7890 2.9654 2.4293 2.6158 2.9708 2.0394 2.2668 2.0045 2.3602 2.2547 2.3440 2.2232 3.3722 3.0805 2.5745 2.0622 2.6254 2.6139 2.7890 2.3096 1.8199 2.9901 2.3026 2.5491 3.0475 2.6609 2.7293 2.6569 2.6589 2.3737 1.7876 2.1496 2.8308 3.1273 2.3965 3.0744 2.2468 2.5243 1.7196 2.6549 2.2375 2.0297 1.9381 2.2521 2.7144
3.1532 2.9654 2.6391 2.4167 2.5875 2.5384 2.4782 2.1154 2.4716 2.7620 2.5278 2.8921 3.0387 2.9681 2.5912 2.3110 3.1597 3.2036 3.3560 3.7495 3.8109 4.4914 4.1113 4.3626 3.6108 4.4667 4.4790 3.3520 3.5359 3.6424 3.9907 4.1028 4.3196 3.9535 3.8430 4.2485 4.0777 1.7677 1.6393 1.9849 3.6531 4.2583 4.4667 3.9037 3.9608 4.2783 3.5702 3.7318 3.1831 2.5931 1.5791 1.8400 1.7220 3.1564 4.1113 3.8830 3.7921 3.3244 2.3919 1.5523
-0.0000 -0.0000 -0.0000 -0.0000 -0.0000 -0.0000 -0.0000 -0.0000 -0.0000 -0.0000 -0.0000 -0.0000 -0.0000 -0.0000 -0.0000 -0.0000 -0.0000 -0.0000 -0.0000 -0.0000 -0.0000 -0.0000 -0.0000 -0.0000 -0.0000 -0.0000 -0.0000 -0.0000 -0.0000 -0.0000 -0.0000 -0.0000 -0.0000 -0.0000 -0.0000 -0.0000 -0.0000 -0.0000 -0.0000 -0.0000 -0.0000 -0.0000 -0.0000 -0.0000 -0.0000 -0.0000 -0.0000 -0.0000 -0.0000 -0.0000 -0.0000 -0.0000 -0.0000 -0.0000 -0.0000 -0.0000 -0.0000 -0.0000 -0.0000 -0.0000
4.5297 4.7626 4.5968 4.7463 4.7959 4.6540 4.3409 4.6991 4.9614 4.9222 4.5297 4.6688 4.5427 4.9416 4.7463 4.6250 4.5560 4.5040 4.6688 4.8304 4.8304 4.9222 4.7626 4.4546 4.6688 2.9254 4.5560 4.6250 4.6250 4.5694 4.9032 4.5560 4.5560 4.7626 4.5560 4.6540 4.3196 4.5040 4.7791 4.5168 4.2988 4.9416 4.9816 4.3302 4.9032 4.7463 4.7463 4.7463 0.0504 1.0241 4.4790 5.0668 4.4914 4.6688 4.9816 4.5297 4.4667 4.6250 4.4308 4.7303
1.6004 1.3846 -0.0000 0.4751 -0.0000 0.3595 0.0168 -0.0000 -0.0000 -0.0000 -0.0000 -0.0000 0.5306 -0.0000 -0.0000 0.0846 0.5734 -0.0000 -0.0000 -0.0000 -0.0000 -0.0000 -0.0000 -0.0000 -0.0000 -0.0000 -0.0000 -0.0000 -0.0000 -0.0000 -0.0000 -0.0000 -0.0000 -0.0000 -0.0000 -0.0000 -0.0000 -0.0000 -0.0000 -0.0000 -0.0000 -0.0000 -0.0000 0.4614 -0.0000 -0.0000 -0.0000 -0.0000 -0.0000 -0.0000 -0.0000 -0.0000 -0.0000 -0.0000 0.4332 -0.0000 0.3005 0.3797 -0.0000 -0.0000
2.8050 2.3224 2.2956 2.2219 2.0578 2.3752 2.4042 2.2791 2.1341 2.5437 2.5156 2.2219 2.6371 2.5563 2.1926 2.1107 2.2375 2.0755 2.6371 2.8452 2.9202 2.0689 2.1581 2.7664 2.1826 2.7186 2.3026 2.4633 2.2763 2.5243 2.4699 2.7488 2.6293 2.5491 2.2682 2.4325 2.2078 2.3252 2.3934 2.3339 2.1460 2.1271 2.5875 1.9677 1.8814 1.9993 2.2027 2.1703 2.1460 2.2454 1.8373 1.3625 1.5852 2.2310 1.5127 1.4027 1.8569 2.2818 1.8795 1.6582
1.2324 1.5696 1.9657 1.8632 1.9498 1.8695 1.8722 1.9459 1.3046 1.9459 1.3527 1.9748 1.7243 1.7267 1.8524 1.7142 1.9479 1.6888 1.1385 1.8036 0.9494 1.7426 1.0919 1.3072 1.5346 1.5893 1.2454 1.2068 1.5866 1.2533 1.3790 1.5629 1.4662 1.1016 1.5622 1.0562 2.0711 1.6436 1.7951 1.6300 1.4753 1.8130 1.7587 1.4814 1.6995 2.1084 1.3092 1.4802 1.6820 1.2054 1.5007 1.5457 1.8400 1.9440 1.1521 1.5900 1.4055 1.5777 1.4211 1.0957
-0.0000 -0.0000 -0.0000 -0.0000 -0.0000 -0.0000 -0.0000 -0.0000 -0.0000 -0.0000 -0.0000 -0.0000 -0.0000 -0.0000 -0.0000 -0.0000 -0.0000 -0.0000 -0.0000 -0.0000 -0.0000 -0.0000 -0.0000 -0.0000 -0.0000 -0.0000 -0.0000 -0.0000 -0.0000 -0.0000 -0.0000 -0.0000 -0.0000 -0.0000 -0.0000 -0.0000 -0.0000 -0.0000 -0.0000 -0.0000 -0.0000 -0.0000 -0.0000 -0.0000 -0.0000 -0.0000 -0.0000 -0.0000 -0.0000 -0.0000 -0.0000 -0.0000 -0.0000 -0.0000 -0.0000 -0.0000 -0.0000 -0.0000 -0.0000 -0.0000
2.0223 1.1750 1.0656 1.4481 1.1117 0.7559 1.1933 1.1570 1.5001 0.7320 1.0848 1.5757 1.5730 1.3155 1.1121 0.7127 1.0407 0.5747 0.9311 0.9454 1.2498 -0.0000 1.5262 1.5115 1.1393 1.2454 1.8147 1.6619 2.1084 1.3077 1.0811 1.0758 0.5465 0.7973 1.3041 1.4055 0.8941 0.9721 0.8359 0.8993 1.0803 1.6136 1.5990 1.6911 1.5352 2.1413 2.2777 2.0191 2.0394 2.0191 1.5609 1.5230 1.0583 1.2631 1.4101 1.1037 0.9072 1.0359 1.1557 1.4351
2.3707 2.1976 1.9587 1.8453 1.8934 2.2014 2.5036 1.7490 2.2323 2.7207 2.2791 1.5703 2.0329 2.2668 3.0835 2.2942 2.1826 2.7357 3.1730 2.9763 2.7401 2.7336 2.7576 2.2310 1.2411 2.1200 2.0633 1.5569 1.8373 1.8686 1.4535 2.1520 2.1235 2.1165 2.4933 1.6407 2.2078 2.4535 2.3382 2.9519 1.6516 2.6529 2.2310 2.8332 2.3484 1.8321 2.3797 2.4765 1.9037 1.6873 2.5349 1.6641 3.1337 3.5359 3.8830 3.9106 3.2825 3.9037 4.4667 3.0127
2.9176 2.6254 3.4012 2.7357 2.8167 2.9307 2.8820 2.9573 3.6370 3.4354 3.9037 2.9386 2.7336 3.2603 2.8050 2.8097 3.0299 2.8696 3.0241 3.0835 2.9228 2.9022 2.9627 2.7687 3.5702 2.9901 3.2640 3.0127 3.1305 2.8795 2.9465 3.2750 2.8050 2.9818 3.1146 2.8143 3.3763 2.9736 2.9359 3.3845 2.7709 2.8167 3.0475 2.9985 2.7532 3.0805 3.1305 3.3128 3.1305 3.5216 3.0593 3.1241 3.1146 3.4485 3.6640 2.8308 2.7981 3.0989 3.1177 3.0683
-0.0000 -0.0000 -0.0000 -0.0000 -0.0000 -0.0000 -0.0000 -0.0000 -0.0000 -0.0000 -0.0000 -0.0000 -0.0000 -0.0000 -0.0000 -0.0000 -0.0000 -0.0000 -0.0000 -0.0000 -0.0000 -0.0000 -0.0000 -0.0000 -0.0000 -0.0000 -0.0000 -0.0000 -0.0000 -0.0000 -0.0000 -0.0000 -0.0000 -0.0000 -0.0000 -0.0000 -0.0000 -0.0000 -0.0000 -0.0000 -0.0000 -0.0000 -0.0000 -0.0000 -0.0000 -0.0000 -0.0000 -0.0000 -0.0000 -0.0000 -0.0000 -0.0000 -0.0000 -0.0000 -0.0000 -0.0000 -0.0000 -0.0000 -0.0000 -0.0000
-0.0000 -0.0000 -0.0000 -0.0000 -0.0000 -0.0000 -0.0000 -0.0000 -0.0000 -0.0000 -0.0000 -0.0000 -0.0000 -0.0000 -0.0000 -0.0000 -0.0000 -0.0000 -0.0000 -0.0000 -0.0000 -0.0000 -0.0000 -0.0000 -0.0000 -0.0000 -0.0000 -0.0000 -0.0000 -0.0000 -0.0000 -0.0000 -0.0000 -0.0000 -0.0000 -0.0000 -0.0000 -0.0000 -0.0000 -0.0000 -0.0000 -0.0000 -0.0000 -0.0000 -0.0000 -0.0000 -0.0000 -0.0000 -0.0000 -0.0000 -0.0000 -0.0000 -0.0000 -0.0000 -0.0000 -0.0000 -0.0000 -0.0000 -0.0000 -0.0000
1.6257 1.7490 2.0766 2.0297 1.9381 2.2219 1.7826 1.7985 1.9707 2.1107 1.6386 1.7314 1.8686 2.0139 2.1752 1.9027 2.2415 2.0265 1.9093 1.8019 1.8164 1.7134 2.2142 2.0611 2.3662 2.3455 2.9874 2.1165 2.5331 2.9073 1.8312 2.1353 2.6450 2.9573 2.5174 2.0319 2.0578 1.9027 2.3919 2.5599 2.1096 2.5819 2.7709 3.1564 2.5349 2.4666 2.1617 2.1271 1.7677 1.8506 1.9758 2.1654 3.0623 2.0065 1.7587 1.7628 2.1789 1.8659 2.1629 1.7330
3.6531 2.9439 3.6370 3.7921 3.7377 3.4139 2.9492 4.0059 3.8830 3.6805 3.7318 3.4441 3.8365 2.6235 2.7844 2.9519 2.7102 3.2640 2.3919 2.5019 3.0241 3.5311 3.2001 3.2175 3.6973 3.2975 3.3205 3.0504 3.0564 2.6832 3.1434 2.4518 3.0042 2.9791 2.8946 3.0328 2.6216 1.7926 1.2138 1.4938 2.3110 1.9150 1.2661 1.7236 2.4749 2.0097 1.6386 1.2958 1.3233 1.7628 2.1119 1.7669 2.2116 1.6798 2.4151 1.9880 2.7081 2.9929 2.1508 2.2970
2.5402 2.5672 2.8380 2.6158 2.9386 2.3904 2.9176 2.6139 2.4849 3.0070 2.7102 3.1697 3.0805 3.2387 2.5893 2.7379 2.2628 2.8820 3.2280 3.2640 0.2661 1.1754 3.1697 3.5264 3.8628 3.3763 3.1305 3.4139 2.4716 2.9957 2.9492 3.4485 2.8004 3.2825 2.6549 2.9874 2.7081 3.4096 3.4753 2.5893 3.2036 2.6235 2.6873 2.7123 2.8332 3.0927 3.1697 2.8261 2.7039 2.9307 2.9681 2.5727 3.2603 2.8428 3.4397 2.7229 2.7731 3.6477 2.6873 2.5764
1.9587 2.5509 2.4405 2.4214 2.3588 1.9707 2.2002 2.4832 2.4277 1.5102 2.4849 2.1353 2.1259 2.1581 2.6044 2.0535 3.3205 3.7202 3.0445 2.3996 2.3543 1.8659 2.0055 2.1826 1.9074 1.4982 2.2258 2.3470 2.4120 2.4325 1.9103 2.4535 2.1678 2.1777 2.7314 2.3324 2.0139 2.1436 1.9617 2.0065 2.2065 2.0778 2.2258 2.3455 2.2998 2.3782 2.1165 2.5617 2.6935 2.8285 2.6430 3.1020 2.4732 2.2942 2.4167 2.1154 2.3707 2.3662 2.7687 2.1096
-0.0000 -0.0000 -0.0000 -0.0000 -0.0000 -0.0000 -0.0000 -0.0000 -0.0000 -0.0000 -0.0000 -0.0000 -0.0000 -0.0000 -0.0000 -0.0000 -0.0000 -0.0000 -0.0000 -0.0000 -0.0000 -0.0000 -0.0000 -0.0000 -0.0000 -0.0000 -0.0000 -0.0000 -0.0000 -0.0000 -0.0000 -0.0000 -0.0000 -0.0000 -0.0000 -0.0000 -0.0000 -0.0000 -0.0000 -0.0000 -0.0000 -0.0000 -0.0000 -0.0000 -0.0000 -0.0000 -0.0000 -0.0000 -0.0000 -0.0000 -0.0000 -0.0000 -0.0000 -0.0000 -0.0000 -0.0000 -0.0000 -0.0000 -0.0000 -0.0000
-0.0000 -0.0000 -0.0000 -0.0000 -0.0000 -0.0000 -0.0000 -0.0000 -0.0000 -0.0000 -0.0000 -0.0000 -0.0000 -0.0000 -0.0000 -0.0000 -0.0000 -0.0000 -0.0000 -0.0000 -0.0000 -0.0000 -0.0000 -0.0000 -0.0000 -0.0000 -0.0000 -0.0000 -0.0000 -0.0000 -0.0000 -0.0000 -0.0000 -0.0000 -0.0000 -0.0000 -0.0000 -0.0000 -0.0000 -0.0000 -0.0000 -0.0000 -0.0000 -0.0000 -0.0000 -0.0000 -0.0000 -0.0000 -0.0000 -0.0000 -0.0000 -0.0000 -0.0000 -0.0000 -0.0000 -0.0000 -0.0000 -0.0000 -0.0000 -0.0000
-0.0000 -0.0000 -0.0000 -0.0000 -0.0000 -0.0000 -0.0000 -0.0000 -0.0000 -0.0000 -0.0000 -0.0000 -0.0000 -0.0000 -0.0000 -0.0000 -0.0000 -0.0000 -0.0000 -0.0000 -0.0000 -0.0000 -0.0000 -0.0000 -0.0000 -0.0000 -0.0000 -0.0000 -0.0000 -0.0000 -0.0000 -0.0000 -0.0000 -0.0000 -0.0000 -0.0000 -0.0000 -0.0000 -0.0000 -0.0000 -0.0000 -0.0000 -0.0000 -0.0000 -0.0000 -0.0000 -0.0000 -0.0000 -0.0000 -0.0000 -0.0000 -0.0000 -0.0000 -0.0000 -0.0000 -0.0000 -0.0000 -0.0000 -0.0000 -0.0000
4.9614 5.0893 5.1846 5.5413 5.0023 5.6546 5.2899 4.9614 5.3471 5.3181 5.4723 5.2899 5.1123 4.9816 5.1358 4.6688 5.3181 5.0668 5.5776 5.1846 5.0023 5.0023 5.3471 5.1123 5.6546 4.9816 5.2359 5.2626 5.1599 5.1358 5.2899 5.0448 4.7959 5.1123 5.1846 4.9416 5.7380 4.7146 5.2899 5.0233 4.7959 5.6954 4.8130 5.3770 5.1123 5.0233 5.0023 5.3181 5.4077 5.0893 5.3471 4.9816 5.0023 5.0668 5.0448 5.2899 5.2626 5.2099 5.0668 5.2626
2.0689 2.6893 2.1436 2.6391 2.1271 2.2219 2.2468 1.9160 2.0118 2.3353 2.0766 1.5569 1.4668 1.4637 1.6980 1.5223 2.2561 1.5723 1.9371 2.2804 2.6569 2.1976 2.6629 2.4089 1.9528 1.5437 1.5955 1.0869 1.7259 1.4251 1.7322 2.0340 1.8070 1.6575 1.2948 1.5825 1.9617 1.7792 1.7620 1.7909 1.7410 1.7370 1.6122 1.8190 2.1814 1.7620 2.6811 1.8841 1.8233 2.4649 2.7620 2.1629 2.1200 2.3411 1.9818 2.4151 1.9459 2.2441 2.2791 2.4167
-0.0000 -0.0000 -0.0000 -0.0000 -0.0000 -0.0000 -0.0000 -0.0000 -0.0000 -0.0000 -0.0000 -0.0000 -0.0000 -0.0000 -0.0000 -0.0000 -0.0000 -0.0000 -0.0000 -0.0000 -0.0000 -0.0000 -0.0000 -0.0000 -0.0000 -0.0000 -0.0000 -0.0000 -0.0000 -0.0000 -0.0000 -0.0000 -0.0000 -0.0000 -0.0000 -0.0000 -0.0000 -0.0000 -0.0000 -0.0000 -0.0000 -0.0000 -0.0000 -0.0000 -0.0000 -0.0000 -0.0000 -0.0000 -0.0000 -0.0000 -0.0000 -0.0000 -0.0000 -0.0000 -0.0000 -0.0000 -0.0000 -0.0000 -0.0000 -0.0000
-0.0000 -0.0000 -0.0000 -0.0000 -0.0000 -0.0000 -0.0000 -0.0000 -0.0000 -0.0000 -0.0000 -0.0000 -0.0000 -0.0000 -0.0000 -0.0000 -0.0000 -0.0000 -0.0000 -0.0000 -0.0000 -0.0000 -0.0000 -0.0000 -0.0000 -0.0000 -0.0000 -0.0000 -0.0000 -0.0000 -0.0000 -0.0000 -0.0000 -0.0000 -0.0000 -0.0000 -0.0000 -0.0000 -0.0000 -0.0000 -0.0000 -0.0000 -0.0000 -0.0000 -0.0000 -0.0000 -0.0000 -0.0000 -0.0000 -0.0000 -0.0000 -0.0000 -0.0000 -0.0000 -0.0000 -0.0000 -0.0000 -0.0000 -0.0000 -0.0000
1.6851 1.9587 2.2116 1.8888 1.7165 1.4553 1.7370 1.4710 1.8623 2.0700 2.1976 1.1486 2.1073 1.9798 1.8104 1.7859 1.8614 1.4439 1.4741 1.0770 1.5683 1.7506 1.1552 1.2661 1.2801 1.3987 1.2999 1.2257 1.6568 1.1850 1.0803 1.1673 2.0244 2.2791 1.6122 1.1619 1.5832 2.1413 1.8786 1.1437 1.8981 1.9558 1.7951 1.2167 1.8605 1.7142 1.5372 1.9489 1.4951 1.5750 1.4090 1.4796 2.0633 1.5411 1.6858 1.7426 1.5463 1.3987 2.1629 1.6059
2.2494 2.6569 1.9381 2.0107 2.4502 3.1697 2.7709 2.6120 3.1337 3.0623 2.5672 2.7510 3.0098 2.5243 2.5331 2.2232 2.1061 2.4567 3.0744 3.0564 2.5745 2.2777 2.4616 2.2271 3.7859 3.4267 3.5311 2.9280 2.8598 3.1499 2.4246 2.6669 2.8261 2.7642 2.1353 1.9265 2.7123 2.5313 2.6609 2.7510 3.7030 3.2937 3.1532 2.9048 3.1630 2.7620 2.5243 2.2428 2.4900 2.1436 2.0913 2.3238 2.6139 2.1107 2.3919 2.0644 2.3602 2.3426 3.4798 3.6317
4.0777 4.4191 4.3409 4.5560 4.3737 4.4308 4.1821 4.5040 4.5040 4.5560 4.5968 4.2988 4.4427 4.5968 4.3517 4.5168 4.4191 4.5830 4.4667 4.5694 4.6394 4.4308 4.2195 4.3517 4.4427 4.4667 4.5297 4.3091 4.6250 4.4667 4.8130 5.0893 4.9222 4.7959 4.5694 4.3626 4.4667 4.8304 4.7146 4.5694 5.1358 4.6838 4.4790 4.6838 4.7303 4.7146 4.4546 4.7626 4.3517 4.6394 4.5427 4.3626 5.0668 4.6838 4.6250 4.7626 4.9614 4.8304 4.8845 5.0893
1.1530 1.5496 1.7134 1.8897 1.6264 1.4147 1.7322 1.7701 1.9018 1.3554 1.7859 1.2528 1.1878 1.4386 1.2636 1.4345 1.3908 1.2592 2.4470 1.6151 1.8999 2.1545 1.9352 2.1472 2.2284 2.2914 2.0212 2.0458 1.3779 1.3829 1.4771 1.0363 1.3913 1.2851 1.6590 1.3813 1.4637 1.3010 1.3936 1.3625 1.2831 1.6018 1.4240 1.4655 1.5262 1.8233 1.5636 1.6604 1.9027 1.8479 1.5636 1.7759 1.7693 1.5242 1.3964 1.1552 1.4286 2.1436 1.6590 1.3077
-0.0000 -0.0000 -0.0000 -0.0000 -0.0000 -0.0000 -0.0000 -0.0000 -0.0000 -0.0000 -0.0000 -0.0000 -0.0000 -0.0000 -0.0000 -0.0000 -0.0000 -0.0000 -0.0000 -0.0000 -0.0000 -0.0000 -0.0000 -0.0000 -0.0000 -0.0000 -0.0000 -0.0000 -0.0000 -0.0000 -0.0000 -0.0000 -0.0000 -0.0000 -0.0000 -0.0000 -0.0000 -0.0000 -0.0000 -0.0000 -0.0000 -0.0000 -0.0000 -0.0000 -0.0000 -0.0000 -0.0000 -0.0000 -0.0000 -0.0000 -0.0000 -0.0000 -0.0000 -0.0000 -0.0000 -0.0000 -0.0000 -0.0000 -0.0000 -0.0000
4.3091 4.0943 3.8967 4.3961 4.1550 4.1913 4.5168 4.1285 4.3848 4.1373 4.3091 4.3517 4.1028 4.1113 4.3517 4.0613 4.1821 3.9831 4.0452 3.9831 4.1461 4.1028 4.2387 3.7797 4.1285 3.9682 4.2387 4.1461 3.9535 4.1913 4.1199 3.8899 4.1028 4.3848 4.3091 4.4790 4.1285 4.0860 4.4546 4.4076 4.4076 4.3302 4.5040 4.6540 4.3302 4.2783 4.6250 4.6991 4.6250 4.3196 4.2885 4.1285 4.2387 3.5954 3.9390 4.0532 4.2885 4.1373 4.3196 4.4667
2.0265 2.0426 2.2956 2.5104 2.1569 2.4984 2.3722 2.1271 2.3054 2.6196 2.4027 2.3919 2.3919 2.3812 2.1282 1.8356 2.0901 2.7799 1.6919 2.1508 2.2091 2.7981 2.7444 2.6750 2.2668 2.8795 2.2323 2.4832 2.3281 2.2832 2.4849 2.5366 2.6371 2.5001 2.1200 2.5420 2.3934 2.4277 2.2736 2.5491 2.3339 2.1703 2.5001 2.4167 2.7799 2.0394 2.4900 2.2859 2.9929 2.4325 2.0319 3.2351 2.1377 2.2219 1.6590 1.4281 2.0181 2.7357 2.7186 2.4551
2.4027 1.9737 2.1814 2.2791 1.5346 1.7759 2.0319 1.9849 2.0992 1.5287 1.7228 2.0778 1.8990 1.6649 1.6516 1.6858 2.0065 2.0097 2.3238 2.8214 2.0480 1.7386 1.4298 1.7338 2.2323 1.5750 1.4107 1.7579 2.1939 1.6436 1.7220 1.6451 2.4699 2.3139 3.7202 2.0513 1.5556 2.0524 2.7229 2.1851 1.7918 1.7767 1.9207 2.3707 2.3919 2.3767 2.3124 1.6904 1.9808 1.9727 2.1715 1.6663 1.8277 1.7033 1.8130 1.6350 1.6364 1.6911 1.9479 1.7010
-0.0000 -0.0000 -0.0000 -0.0000 -0.0000 -0.0000 -0.0000 -0.0000 -0.0000 -0.0000 -0.0000 -0.0000 -0.0000 -0.0000 -0.0000 -0.0000 -0.0000 -0.0000 -0.0000 -0.0000 -0.0000 -0.0000 -0.0000 -0.0000 -0.0000 -0.0000 -0.0000 -0.0000 -0.0000 -0.0000 -0.0000 -0.0000 -0.0000 -0.0000 -0.0000 -0.0000 -0.0000 -0.0000 -0.0000 -0.0000 -0.0000 -0.0000 -0.0000 -0.0000 -0.0000 -0.0000 -0.0000 -0.0000 -0.0000 -0.0000 -0.0000 -0.0000 -0.0000 -0.0000 -0.0000 -0.0000 -0.0000 -0.0000 -0.0000 -0.0000
2.1353 1.5669 1.8704 1.5791 1.9065 1.6873 1.5777 1.5643 1.5643 2.0319 1.4692 1.7943 1.9869 1.7776 1.5523 1.5845 2.0567 1.4101 1.0840 1.7228 1.4790 1.4845 1.7236 1.7876 1.4386 1.3505 1.4487 1.5450 1.8695 1.8740 1.4316 0.7201 1.5249 2.3996 1.3425 0.9791 1.4784 1.7726 1.7817 1.5051 1.7826 1.7087 1.5262 1.1993 1.8164 1.2999 1.5020 0.2559 1.1459 0.7588 1.2087 1.5852 1.2257 0.4231 1.3674 1.2430 1.9160 1.6926 1.5690 1.3913
2.6450 2.1154 1.6400 2.1581 2.5527 2.0181 2.2668 1.8731 1.8677 1.8225 2.2454 1.9112 2.3167 2.1294 2.0013 2.3499 2.3296 2.1801 2.2956 1.9009 1.7057 2.1259 1.8462 2.1989 1.9558 2.0491 1.8569 2.1666 2.0118 2.2832 1.7859 1.6415 2.2401 2.2998 1.5907 1.8569 1.1905 1.6473 2.5509 2.7754 2.1629 2.9874 2.2521 2.6351 2.5104 2.2401 2.2791 2.9202 2.3528 2.3267 2.3950 2.3484 2.8237 2.4567 2.1939 2.3054 1.7095 1.7283 1.6052 2.0578
2.2091 2.6730 2.5087 2.0480 2.7060 2.1727 2.7271 2.3752 2.5708 2.3950 2.1654 2.2454 2.2441 2.4567 2.0361 2.4584 2.2804 2.3737 2.2601 2.4373 2.4357 2.1889 2.5296 2.4950 2.3153 2.6976 2.5296 2.6997 2.3588 2.5782 2.1889 2.2641 2.8997 2.5690 2.2468 2.2167 2.6852 2.2129 2.6609 2.2818 2.1389 2.3662 1.8182 2.3470 2.6410 2.6351 1.9972 2.6391 2.3139 2.5296 2.2284 2.6609 2.2271 2.6216 2.6158 2.5261 2.3397 2.2065 2.7207 2.1131
2.5455 2.8356 3.0534 3.1020 2.6139 2.6196 2.8573 2.9202 2.6430 3.0445 2.4782 2.5191 2.4866 2.8476 2.7336 2.6730 2.4984 2.5156 2.8332 2.5745 2.4341 2.4716 2.9228 3.0070 2.7379 2.4749 2.6391 2.5563 2.4421 2.7379 2.8795 2.4832 2.6852 2.2219 3.0042 2.8770 2.8870 3.1146 2.5563 3.0475 2.7207 2.6649 2.8428 2.8167 2.7776 3.0534 3.1369 2.6730 2.6709 2.4584 2.7664 3.2825 3.2140 2.9654 2.9818 2.7207 3.0098 3.7144 2.6293 2.9681
-0.0000 -0.0000 -0.0000 -0.0000 -0.0000 -0.0000 -0.0000 -0.0000 -0.0000 -0.0000 -0.0000 -0.0000 -0.0000 -0.0000 -0.0000 -0.0000 -0.0000 -0.0000 -0.0000 -0.0000 -0.0000 -0.0000 -0.0000 -0.0000 -0.0000 -0.0000 -0.0000 -0.0000 -0.0000 -0.0000 -0.0000 -0.0000 -0.0000 -0.0000 -0.0000 -0.0000 -0.0000 -0.0000 -0.0000 -0.0000 -0.0000 -0.0000 -0.0000 -0.0000 -0.0000 -0.0000 -0.0000 -0.0000 -0.0000 -0.0000 -0.0000 -0.0000 -0.0000 -0.0000 -0.0000 -0.0000 -0.0000 -0.0000 -0.0000 -0.0000
0.9265 1.4814 0.6517 1.3964 1.2933 1.0696 0.7213 1.4559 1.5596 1.5866 0.7966 1.1850 1.2523 1.4595 1.0583 1.4251 1.3228 1.3092 1.4124 1.2686 1.4481 1.7378 1.3880 1.3144 1.6221 1.4583 0.7378 0.7600 0.0896 1.1054 1.4735 1.2867 0.4953 1.2087 1.4428 0.8228 1.3260 1.1433 1.2892 0.4414 0.6612 0.6456 0.4601 1.1306 0.8001 0.8648 1.3658 0.1620 1.0426 0.5705 0.9919 0.7691 1.4044 1.2016 0.8035 0.5085 1.0873 0.8704 1.0664 0.2997
2.5019 1.6300 1.2974 1.5007 1.3344 1.9056 1.2523 1.3505 1.3005 1.9972 1.8777 1.3852 2.0097 3.4311 3.6640 3.0328 1.2572 1.5064 1.3339 1.0647 1.2035 2.5599 1.2358 1.9179 1.5140 2.5420 1.6805 1.4044 1.4619 2.7039 1.6516 0.9254 1.3538 1.5339 1.7751 1.2776 1.2691 1.5191 1.2666 1.0745 1.2219 1.1477 1.2464 1.2002 1.1610 1.2751 1.2999 1.7212 1.8841 1.5948 1.3713 1.2928 2.4325 1.5262 1.3030 1.3441 1.2994 1.3494 2.0600 1.2382
1.8551 1.3807 1.9313 1.4655 1.5656 2.2750 2.0924 1.9362 2.0755 1.5108 2.4421 2.2547 1.8805 1.4298 1.6101 1.9459 2.2362 1.8497 2.5296 1.4619 1.5365 1.8759 1.6516 1.6663 1.8650 1.7522 1.6911 1.8981 1.7386 1.8347 2.2942 2.1777 2.0901 1.9207 1.8560 1.6964 1.8096 1.5764 1.7370 1.9009 1.7482 1.7306 1.5832 1.5326 1.5703 1.7514 1.8199 1.6278 1.7165 1.6451 1.6575 2.0181 1.7134 1.2233 1.7611 1.4957 2.5331 1.7378 2.1353 2.0480
-0.0000 -0.0000 -0.0000 -0.0000 -0.0000 -0.0000 -0.0000 -0.0000 -0.0000 -0.0000 -0.0000 -0.0000 -0.0000 -0.0000 -0.0000 -0.0000 -0.0000 -0.0000 -0.0000 -0.0000 -0.0000 -0.0000 -0.0000 -0.0000 -0.0000 -0.0000 -0.0000 -0.0000 -0.0000 -0.0000 -0.0000 -0.0000 -0.0000 -0.0000 -0.0000 -0.0000 -0.0000 -0.0000 -0.0000 -0.0000 -0.0000 -0.0000 -0.0000 -0.0000 -0.0000 -0.0000 -0.0000 -0.0000 -0.0000 -0.0000 -0.0000 -0.0000 -0.0000 -0.0000 -0.0000 -0.0000 -0.0000 -0.0000 -0.0000 -0.0000
0.7951 1.3953 0.6959 1.4457 1.2902 1.4257 1.6926 1.2671 0.5157 1.4839 1.3818 1.8207 1.2741 1.5191 1.6641 1.8417 1.5798 0.8032 2.0666 1.2343 2.3252 1.8286 1.1246 1.7450 1.9859 1.7718 1.3392 1.4876 1.4445 1.4577 0.7748 1.4216 1.0795 0.3283 1.3511 1.7291 1.6546 1.7458 1.1732 1.5757 1.3323 2.1901 1.3641 1.0932 1.4565 1.5839 2.7754 2.1318 1.1727 0.8955 0.9874 1.5832 1.6798 2.0567 0.6740 1.0725 1.4095 1.2989 1.3489 1.6701
2.0045 2.1654 1.6214 1.9962 1.4275 1.9768 1.6995 1.5616 1.7660 1.5463 1.6045 2.4042 1.9647 2.2722 1.7165 2.2845 1.8962 2.0340 1.9548 2.2142 1.7652 2.1318 2.0139 1.9548 1.4870 1.9160 1.4234 1.4889 1.6193 1.3077 1.4571 1.8277 1.7466 2.0535 1.5859 1.0284 1.9150 1.8823 1.4741 1.1970 1.2791 1.1919 1.3473 1.6568 1.5268 1.5146 1.2984 1.2857 1.4747 1.5313 1.2238 1.5852 1.3565 1.3829 1.5268 1.3729 1.1975 1.7243 1.8242 1.4631
2.4167 2.2547 2.3647 2.5053 2.5654 2.3167 2.0822 2.3054 2.3499 2.2014 2.2970 2.2103 2.4454 1.7734 1.5845 1.4339 1.5121 1.5825 1.6723 1.6444 1.4107 1.6693 1.6671 1.6436 1.7338 1.7181 2.4454 2.5104 1.9169 2.6450 2.0361 2.2091 2.5226 2.6609 2.5122 2.3782 2.5402 2.1096 2.4849 2.3602 2.0394 2.3411 2.2323 1.9112 2.0212 1.9727 2.5491 2.5070 2.6589 2.8476 1.8027 2.3782 1.7892 2.2193 1.9150 2.0600 2.0086 2.2116 2.0265 2.1259
1.9577 1.8277 2.0524 2.2219 2.0076 2.3950 2.2887 2.0524 2.0845 1.6115 1.6292 2.2601 1.9362 1.5941 2.3528 2.4089 2.1004 1.2661 1.3543 1.5866 1.7283 2.1235 1.5516 1.6165 1.2938 1.3636 1.6723 1.4613 1.2096 1.6896 2.1605 1.9093 1.7579 1.8814 1.9869 1.9627 2.1532 2.0755 1.3103 1.7693 1.6835 1.8943 1.5165 2.0287 1.3724 1.8347 1.4164 1.5490 1.3344 1.2464 1.8251 1.6292 2.0139 1.6851 2.1038 1.7386 1.7918 1.9236 1.6080 1.5320
2.0789 1.8104 1.8777 1.8382 1.5990 0.7963 1.7291 1.1411 2.0233 1.1795 1.3619 1.3505 1.7410 1.6641 1.9508 1.9332 1.2435 1.6911 1.3244 1.5649 1.5089 0.6650 1.4333 1.3619 1.5121 2.0834 1.2464 1.7579 1.4571 1.3134 1.3511 1.8925 1.5928 1.2295 1.1250 1.8164 1.4649 1.4583 1.4523 1.3897 1.4901 2.0118 1.2233 1.6790 1.5470 1.2200 1.3930 0.4241 0.4351 0.4469 1.0940 0.3933 1.2479 0.7976 0.9866 1.0292 0.9866 0.3787 0.5127 1.5549
3.0805 3.1337 3.0774 3.0328 2.8895 3.7555 2.6274 3.0127 2.8380 3.7436 2.8356 3.2900 2.1119 3.2713 2.7271 3.5122 3.0805 2.6852 3.3804 3.1434 3.3681 4.0372 3.2001 3.9907 2.3662 2.9573 3.3804 3.7983 3.7555 3.0504 3.1730 2.9412 3.2175 2.7731 2.5672 2.5208 2.7890 1.6738 2.3411 3.6005 2.7620 4.1730 3.6695 3.9318 3.8172 3.4982 2.7081 3.0958 3.5359 2.9846 2.3339 3.0866 2.2956 2.7466 1.9131 3.2280 2.5819 3.4096 2.6235 3.4485
3.0416 2.9519 2.8524 2.6489 2.9254 3.3013 2.6832 2.6274 2.7336 2.9957 2.4486 2.1740 3.0270 2.5420 3.2036 2.6293 1.7926 3.1564 3.3244 3.8695 3.5169 3.3722 3.4753 3.4139 2.9439 2.2468 2.2655 2.7165 2.7867 3.5028 3.0744 3.6917 2.5545 -0.0000 -0.0000 -0.0000 -0.0000 -0.0000 -0.0000 -0.0000 -0.0000 -0.0000 -0.0000 -0.0000 -0.0000 -0.0000 -0.0000 -0.0000 -0.0000 -0.0000 -0.0000 -0.0000 -0.0000 -0.0000 -0.0000 -0.0000 -0.0000 -0.0000 -0.0000 -0.0000
2.7754 2.3267 2.7488 1.6896 2.4567 2.2507 2.0611 2.5104 1.8587 2.9254 3.0774 2.6469 2.6997 2.3950 2.3843 2.7444 2.9022 2.7444 2.5296 2.3139 3.1434 3.0475 3.4267 2.6371 2.1951 3.2458 2.5473 2.5599 2.7890 2.2002 2.4816 2.4551 3.5702 2.5912 2.7271 2.0524 2.1642 2.3767 2.1154 2.3662 2.3873 1.7220 2.2310 1.5683 2.1200 2.8027 2.2415 2.0045 1.9150 2.0868 2.1851 2.3528 2.4309 1.9265 2.1678 2.0383 2.9465 2.5019 1.9869 2.1989
4.3517 3.8300 4.5694 4.1285 3.5456 3.7495 3.8562 3.8899 3.7921 3.7377 4.3737 4.2387 4.2387 4.6108 3.7202 4.3737 4.4427 4.0532 3.8830 4.3409 4.0613 4.0059 4.2783 4.3737 3.8365 4.2485 4.3517 4.0943 4.3302 4.4427 4.4427 4.4076 4.2195 4.0532 4.3409 4.2387 4.2291 4.3737 4.1461 4.2006 4.3626 4.4308 4.3091 4.3626 4.5168 4.2485 4.4546 4.2988 4.3626 4.3409 4.3091 4.1639 4.3302 4.4427 4.3517 4.2387 3.2750 1.8934 1.6813 2.1389
3.0213 2.8143 2.7444 2.7754 2.7444 1.8759 2.7754 2.9708 2.9333 2.9125 3.0042 3.6531 2.7207 2.6274 2.3843 2.2494 1.6828 1.8641 3.1434 1.8321 1.7275 2.2887 1.7033 1.6278 2.4749 1.8814 1.3129 2.5053 2.6196 2.1989 2.0149 2.2454 2.4341 2.1027 1.8695 2.7144 2.7642 2.3752 2.8285 2.1520 1.9131 1.6314 2.2668 2.1764 2.2271 2.2336 1.6364 1.7442 1.6798 1.8750 1.8605 1.9198 2.4765 1.9538 2.0677 2.2116 2.6649 1.9637 1.8190 2.4262
2.5331 2.2561 2.3980 2.4262 2.4136 2.3677 2.7754 2.4633 2.3012 2.3167 2.9412 2.5473 2.4699 2.5261 2.3904 2.3996 2.9439 2.3124 2.3950 2.1989 2.3181 2.3919 2.5838 2.5599 2.0711 2.1814 2.4486 2.9202 2.5875 2.9125 2.4984 2.4832 2.3012 2.1826 2.4782 2.1413 2.4293 2.2859 2.2628 2.4749 2.2547 2.4027 2.3767 2.3397 2.4058 2.5437 2.2777 2.2428 2.5745 2.6469 2.5764 2.4816 2.2375 2.2219 2.4551 2.2970 2.3827 2.5782 2.4214 2.6120
1.7751 1.4976 1.7064 1.6798 1.5372 1.6350 1.6805 1.2892 1.4118 1.8242 1.8373 1.3964 1.7466 1.4771 1.5529 1.7767 1.6018 1.5217 1.6328 1.6738 1.8294 1.8962 1.6257 1.7851 1.3874 1.4351 1.4357 1.9890 1.9617 1.6386 2.1901 2.2928 2.3110 1.7299 1.4234 1.3729 2.0935 1.8417 1.4505 2.2441 1.5510 1.7743 1.4704 1.9246 2.0800 1.7579 1.1836 1.7718 1.7087 1.7330 2.0202 1.2523 1.6314 1.7322 1.7968 1.5609 1.5450 1.9265 1.9617 2.3602
2.4666 2.6689 2.4799 3.0270 2.5856 3.2423 3.0504 2.7890 3.0213 2.5599 3.0299 2.2091 2.7466 2.5672 2.8946 2.1814 1.6235 2.9846 0.9934 -0.0000 -0.0000 -0.0000 -0.0000 -0.0000 -0.0000 -0.0000 -0.0000 -0.0000 -0.0000 -0.0000 -0.0000 -0.0000 -0.0000 -0.0000 -0.0000 -0.0000 -0.0000 -0.0000 -0.0000 -0.0000 -0.0000 -0.0000 -0.0000 -0.0000 -0.0000 -0.0000 0.4999 2.0778 3.1273 2.9492 2.8308 2.3934 2.3339 2.7081 2.5139 2.6332 2.5545 2.5019 2.8895 1.8347
1.3451 1.2105 0.9404 1.1298 2.0329 1.4777 1.2157 1.3768 1.3852 0.8247 1.6243 1.0936 1.2362 1.0627 1.2382 1.3559 2.0255 2.0677 1.1446 1.0848 1.1134 1.4692 1.3630 1.4790 1.6321 2.0666 1.2498 2.4120 1.4176 1.4067 1.2902 2.1581 1.5777 1.3123 2.4341 1.7095 1.3441 1.3880 1.2105 1.5450 1.6626 1.2214 2.4198 1.5444 2.2614 2.7844 1.4765 1.3559 1.4416 1.2979 3.8562 1.0125 1.5320 1.3554 1.5045 1.6032 1.6701 2.6450 1.5444 1.7909
2.4120 1.5649 1.6415 0.9537 1.9440 2.1605 1.5643 1.2631 1.6386 1.5777 1.9217 1.5832 1.9103 1.6300 2.1004 1.6678 1.7118 0.0300 1.7968 1.8925 1.5710 1.7951 1.6025 1.4211 1.7951 1.6798 1.3441 1.6465 1.4716 1.4735 1.8814 1.3207 1.4310 1.0466 1.0214 1.6980 0.9644 2.3026 1.8632 1.9697 2.2091 1.3774 1.4061 1.7498 1.5636 1.7087 2.0415 1.4747 1.6235 1.7776 1.7018 1.0075 1.4269 1.5064 1.8382 1.2002 1.7669 1.5589 1.8888 1.6350
2.6832 2.6216 3.4485 3.2280 2.5708 2.7466 2.8647 2.2587 2.6044 2.7102 2.2928 1.9637 2.2129 2.3210 3.0564 2.3858 2.6489 2.3980 2.7532 2.7229 3.2750 3.3845 3.4224 3.8172 4.3302 3.7615 3.6424 3.0866 3.4529 4.0860 3.4529 3.4267 3.6264 3.5752 3.7030 4.1821 3.6477 3.5702 4.3409 3.7260 3.4529 3.4982 4.1199 4.4427 3.9247 3.9462 3.6531 3.7797 3.9247 3.4663 3.3480 3.9318 3.6056 3.2316 3.2531 3.6160 3.4096 3.4936 3.8172 3.6861
0.1931 0.0603 0.6307 0.6365 -0.0000 0.6633 0.6743 0.5621 -0.0000 1.1062 1.4199 0.5905 0.3248 0.3847 -0.0000 0.7005 -0.0000 0.5910 0.8509 0.0338 0.5347 0.5219 0.0509 0.6362 0.6504 1.0446 0.2681 0.5915 0.3992 0.3950 1.0191 0.5827 -0.0000 0.6140 0.4243 0.2188 0.4782 1.0367 0.6434 0.9563 0.5999 0.6247 0.9191 1.1109 1.0171 0.9893 0.3863 0.4535 0.6826 -0.0000 0.1520 0.4243 1.5582 1.1066 -0.0000 0.6990 0.6312 -0.0000 -0.0000 1.0164
2.0502 2.4600 2.5473 2.2040 2.1061 2.2219 2.2601 1.9941 1.8841 2.5384 2.7018 1.7595 2.5527 2.6371 2.2984 1.9498 1.8173 2.7890 1.8823 1.8686 1.9303 1.9179 1.5070 2.6332 1.9890 1.6835 2.0958 2.5087 1.6919 1.4907 2.0535 1.7095 2.3812 1.7579 2.0276 2.0415 1.7636 2.9202 2.1365 2.2065 1.6805 2.2873 1.7314 1.7126 1.9607 2.8214 2.5819 2.4246 3.1369 1.9568 2.8074 2.5727 2.8971 2.6312 2.6649 1.9391 2.6832 1.8668 2.2103 2.2998
-0.0000 -0.0000 -0.0000 -0.0000 -0.0000 -0.0000 -0.0000 -0.0000 -0.0000 -0.0000 -0.0000 -0.0000 -0.0000 -0.0000 -0.0000 -0.0000 -0.0000 -0.0000 -0.0000 -0.0000 -0.0000 -0.0000 -0.0000 -0.0000 -0.0000 -0.0000 -0.0000 -0.0000 -0.0000 -0.0000 -0.0000 -0.0000 -0.0000 -0.0000 -0.0000 -0.0000 -0.0000 -0.0000 -0.0000 -0.0000 -0.0000 -0.0000 -0.0000 -0.0000 -0.0000 -0.0000 -0.0000 -0.0000 -0.0000 -0.0000 -0.0000 -0.0000 -0.0000 -0.0000 -0.0000 -0.0000 -0.0000 -0.0000 -0.0000 -0.0000
1.2877 1.7490 1.7579 0.7877 1.1570 0.9135 0.6226 0.9149 1.0656 1.0102 1.2195 1.1882 1.3647 0.9610 1.4078 1.6052 1.1975 1.3281 1.1117 1.4698 1.5832 1.2696 1.1337 0.8839 0.9556 0.8107 1.3614 0.9588 1.0022 1.2367 1.0486 1.2969 1.0832 1.1818 1.3707 1.0607 0.6042 0.5584 1.1173 1.1782 1.1736 1.1380 1.1363 1.1709 0.8346 0.4677 1.1579 0.9537 1.0164 0.7372 0.8945 1.2686 1.7506 1.1324 0.6310 0.8411 1.0737 1.5976 0.8644 1.2999
-0.0000 -0.0000 -0.0000 -0.0000 -0.0000 -0.0000 -0.0000 -0.0000 -0.0000 -0.0000 -0.0000 -0.0000 -0.0000 -0.0000 -0.0000 -0.0000 -0.0000 -0.0000 -0.0000 -0.0000 -0.0000 -0.0000 -0.0000 -0.0000 -0.0000 -0.0000 -0.0000 -0.0000 -0.0000 -0.0000 -0.0000 -0.0000 -0.0000 -0.0000 -0.0000 -0.0000 -0.0000 -0.0000 -0.0000 -0.0000 -0.0000 -0.0000 -0.0000 -0.0000 -0.0000 -0.0000 -0.0000 -0.0000 -0.0000 -0.0000 -0.0000 -0.0000 -0.0000 -0.0000 -0.0000 -0.0000 -0.0000 -0.0000 -0.0000 -0.0000
-0.0000 -0.0000 -0.0000 0.1576 0.3481 0.6547 0.6732 0.0571 -0.0000 0.2096 0.6544 1.9459 0.5207 0.8301 0.8170 0.2039 1.3041 1.5496 1.4015 0.9614 1.8321 0.6745 0.8728 0.6812 1.1832 1.0803 0.4301 -0.0000 0.2437 0.5421 0.5390 -0.0000 0.4486 -0.0000 0.0407 -0.0000 0.6119 -0.0000 0.6743 0.2652 0.5268 0.2710 0.5712 0.3519 0.6555 0.6623 -0.0000 -0.0000 -0.0000 -0.0000 0.4735 1.0114 0.6089 0.7800 0.4641 0.0422 -0.0000 -0.0000 -0.0000 0.6912
-0.0000 -0.0000 -0.0000 -0.0000 -0.0000 -0.0000 -0.0000 -0.0000 -0.0000 -0.0000 -0.0000 -0.0000 -0.0000 -0.0000 -0.0000 -0.0000 -0.0000 -0.0000 -0.0000 -0.0000 -0.0000 -0.0000 -0.0000 -0.0000 -0.0000 -0.0000 -0.0000 -0.0000 -0.0000 -0.0000 -0.0000 -0.0000 -0.0000 -0.0000 -0.0000 -0.0000 -0.0000 -0.0000 -0.0000 -0.0000 -0.0000 -0.0000 -0.0000 -0.0000 -0.0000 -0.0000 -0.0000 -0.0000 -0.0000 -0.0000 -0.0000 -0.0000 -0.0000 -0.0000 -0.0000 -0.0000 -0.0000 -0.0000 -0.0000 -0.0000
2.8820 3.3089 2.9333 3.0416 2.8190 3.3722 2.5800 2.7642 2.7336 3.0299 2.6811 3.0127 2.7488 2.3040 2.3888 2.9985 2.2942 2.4167 2.2682 2.7271 2.8573 2.2129 1.7628 2.2014 1.9677 2.3224 2.3662 2.3904 2.2628 2.2970 2.2956 2.4470 2.2401 2.1318 2.0789 2.3110 2.1424 2.5191 2.5764 2.8820 2.8573 1.9768 1.6158 2.3797 2.1107 1.4945 1.3752 1.9065 2.2887 1.3779 0.8256 1.5001 1.4164 1.8722 1.3538 1.6378 1.9808 1.7901 1.7418 2.2323
2.1532 2.1951 1.8190 1.8915 2.1727 2.2614 2.3181 1.9227 2.0045 1.8294 2.1951 1.8962 1.8759 1.8805 1.8506 2.3737 2.1926 2.3210 2.2401 2.7890 2.2206 2.3677 1.7338 1.7918 1.8260 1.8079 1.4084 1.1011 1.9065 2.0437 1.9188 1.4010 1.4487 1.4889 2.1448 2.3888 2.1642 2.4011 1.7951 2.5384 2.2284 2.1119 2.0935 1.6531 2.4502 2.1889 2.8647 2.5053 2.0265 2.6997 1.9265 1.6314 1.7150 1.7228 2.3904 2.3632 2.2116 1.2547 1.8356 1.5001
4.5168 4.5168 4.3848 4.5830 4.6250 4.2387 4.4308 4.6108 4.7146 4.6688 4.3848 4.4667 4.5040 4.4667 4.5168 4.7626 4.4914 4.3409 4.6838 4.6540 4.4914 4.3737 4.5968 4.6108 4.4546 4.4191 4.5830 4.5297 4.4667 4.4667 4.2195 4.4191 4.2683 4.3848 4.6688 4.3409 4.2485 4.6108 4.4308 4.5694 4.6688 4.6688 4.4667 4.2683 4.3961 4.6108 4.3196 4.5830 4.3626 4.4667 4.2683 4.2195 4.4308 4.5560 4.2583 4.6688 4.3409 4.2885 4.7303 4.1373
4.1821 4.0613 5.1599 4.2683 3.7859 4.7463 3.8109 3.5702 3.6640 2.7554 4.0059 2.6893 3.1630 2.9125 2.5402 2.6730 3.5505 3.5407 2.2574 2.9176 2.5104 2.8027 4.1461 3.8300 3.8046 4.0777 4.3848 4.4191 4.6838 4.6250 4.2006 4.1285 4.3091 3.8236 4.4308 5.1358 3.4529 3.8300 4.2783 4.5968 3.4982 4.0777 3.6973 4.2387 2.7357 2.4832 2.7532 4.1113 4.2885 3.4224 4.8304 4.5040 4.6838 4.4667 3.6640 4.3302 4.1285 4.1913 3.7736 4.3091
2.0778 2.3573 1.6949 1.9459 2.4073 2.0181 1.8027 2.1294 2.3139 2.3096 2.2873 3.0958 2.1617 1.9839 1.9112 1.9921 1.9103 2.3096 2.5672 2.1329 1.9617 1.8832 2.7867 2.3573 1.9717 2.2998 2.4984 2.1460 2.4799 2.4470 2.4967 1.8524 2.6689 1.8641 2.1341 2.7776 3.1020 2.5599 3.2036 2.4967 1.6843 1.7450 2.0578 2.1389 2.3617 1.6716 1.9597 1.9131 1.8659 1.7314 1.7291 2.0255 1.8303 2.6649 2.5782 2.3858 2.8622 1.9910 2.5800 2.1764
2.8261 2.0139 2.0448 1.7228 1.9677 1.9410 1.6873 2.2928 1.6307 1.9122 1.8382 2.0319 1.6738 1.5339 2.0003 2.3996 1.8623 2.4782 2.1914 2.1424 2.4666 2.0097 1.9607 2.2574 2.2818 2.2709 2.2040 2.3588 2.1235 2.7144 2.2002 2.4816 2.2401 2.0958 2.1318 2.1777 2.5122 1.9972 1.9921 2.3707 2.0480 1.8722 2.1389 2.1004 2.3722 1.8953 1.9489 1.9056 2.0711 1.7251 1.9400 1.8147 2.3602 1.8130 2.0233 2.0589 2.5296 2.7379 2.6893 2.8167
2.3470 2.2818 2.7466 2.9791 2.0024 2.3950 2.8190 2.7731 2.8770 3.8763 4.2006 4.6838 4.3961 4.1199 4.5427 4.1113 3.9608 3.9907 4.2387 3.8562 3.8899 3.6424 3.7859 4.0532 2.6893 3.0213 3.5603 2.7532 3.2862 2.4277 3.2640 3.5652 3.7260 4.2387 3.9176 4.0293 4.6688 3.9318 3.8046 3.9682 3.8300 4.0372 3.6531 3.5802 3.6056 2.2245 2.0789 1.7563 1.4363 1.2276 2.0223 1.6144 0.9976 1.7834 1.2611 2.1715 3.3600 4.4427 5.1123 4.6838
-0.0000 -0.0000 -0.0000 -0.0000 -0.0000 -0.0000 -0.0000 -0.0000 -0.0000 -0.0000 -0.0000 -0.0000 -0.0000 -0.0000 -0.0000 -0.0000 -0.0000 -0.0000 -0.0000 -0.0000 -0.0000 -0.0000 -0.0000 -0.0000 -0.0000 -0.0000 -0.0000 -0.0000 -0.0000 -0.0000 -0.0000 -0.0000 -0.0000 -0.0000 -0.0000 -0.0000 -0.0000 -0.0000 -0.0000 -0.0000 -0.0000 -0.0000 -0.0000 -0.0000 -0.0000 -0.0000 -0.0000 -0.0000 -0.0000 -0.0000 -0.0000 -0.0000 -0.0000 -0.0000 -0.0000 -0.0000 -0.0000 -0.0000 -0.0000 -0.0000
3.4798 3.4982 2.9874 2.5727 3.5603 2.7510 2.7314 2.0149 2.1424 2.2336 3.0805 2.5635 3.3804 3.6160 3.5075 3.9682 4.5040 4.2006 4.2195 4.3737 4.2006 4.1113 4.2683 3.5407 3.3361 1.8277 1.7057 1.7434 1.7466 2.0868 1.4790 2.5139 3.3322 2.8074 3.0653 2.2873 2.4357 2.8795 3.2070 3.1630 2.3139 2.2682 3.4054 2.6730 3.3205 2.8524 3.3763 2.4883 3.0445 3.3440 3.4181 2.6063 3.7555 3.6264 3.5652 4.2583 3.0958 4.2100 3.6477 4.1373
-0.0000 -0.0000 -0.0000 -0.0000 -0.0000 -0.0000 -0.0000 -0.0000 -0.0000 -0.0000 -0.0000 -0.0000 -0.0000 -0.0000 -0.0000 -0.0000 -0.0000 -0.0000 -0.0000 0.4190 1.7710 2.0578 1.8329 1.5791 1.3902 2.3267 2.0711 1.5204 1.5039 1.5437 1.6656 2.3082 1.9160 2.5838 1.6641 2.3950 1.8147 1.5771 1.2572 1.9597 2.0024 2.0556 1.7859 2.2219 1.8623 2.0319 2.4437 0.9784 1.9818 1.4808 1.3218 1.4351 1.8587 1.5470 1.9246 1.9778 1.5636 1.7291 1.9160 1.5622
-0.0000 -0.0000 -0.0000 -0.0000 -0.0000 -0.0000 -0.0000 -0.0000 -0.0000 -0.0000 -0.0000 -0.0000 -0.0000 -0.0000 -0.0000 -0.0000 -0.0000 -0.0000 -0.0000 -0.0000 -0.0000 -0.0000 -0.0000 -0.0000 -0.0000 -0.0000 -0.0000 -0.0000 -0.0000 -0.0000 -0.0000 -0.0000 -0.0000 -0.0000 -0.0000 -0.0000 -0.0000 -0.0000 -0.0000 -0.0000 -0.0000 -0.0000 -0.0000 -0.0000 -0.0000 -0.0000 -0.0000 -0.0000 -0.0000 -0.0000 -0.0000 -0.0000 -0.0000 -0.0000 -0.0000 -0.0000 -0.0000 -0.0000 -0.0000 -0.0000
1.3824 1.3191 1.3323 1.2857 1.5153 2.0655 1.8740 1.6011 1.6546 1.3652 1.5818 1.4182 1.5483 1.2948 1.3857 1.3813 1.3430 1.3619 1.5743 1.5969 1.5690 1.2484 1.4686 1.8906 1.4451 1.4637 1.7010 1.5777 1.6080 1.7555 1.3191 1.6221 1.7228 1.6073 1.8096 1.5020 1.8953 1.8260 1.3652 1.5643 1.4821 1.2963 1.5437 1.1868 1.7587 1.5990 1.7103 1.5791 1.7490 1.4072 1.6619 1.4716 1.6039 1.8277 1.5352 1.5039 1.3953 1.5365 1.4269 1.5582
2.1165 2.3426 2.3588 2.5617 2.5764 3.0328 4.4427 2.1752 2.1851 2.7444 2.3965 2.0879 2.0160 2.0045 1.5690 1.6888 2.1004 2.2984 2.2284 2.2873 2.1715 2.2232 2.6589 2.5156 2.4151 2.5296 2.5349 1.6582 2.6770 2.0181 2.5599 2.8524 2.0766 2.8285 2.8671 2.3267 1.9400 2.0513 2.5001 2.3980 2.2014 2.4198 1.8981 2.6750 2.1212 1.9381 2.7401 2.6689 2.5672 2.8050 1.8953 1.8470 1.7603 2.6955 1.1147 1.1970 1.3228 1.9074 1.7330 1.4176
1.4845 1.6179 1.6753 1.4747 1.4187 1.5275 1.1905 1.2831 1.4601 1.1276 1.3902 1.0522 1.3350 1.7049 1.7259 1.1216 1.0335 1.2691 0.7709 0.2188 0.6971 0.7580 1.7985 1.5818 1.5791 1.6604 1.2582 1.6307 1.4234 1.3592 1.4895 0.9788 1.2358 1.6663 1.0371 1.2811 1.5935 0.9443 1.3233 1.0799 0.9556 1.4345 1.3718 1.4704 1.6701 1.3993 1.8934 1.8934 1.1168 0.7056 1.1714 0.9433 0.7843 0.9987 1.1651 1.3328 1.5431 0.7502 0.7609 0.8873
-0.0000 -0.0000 -0.0000 -0.0000 -0.0000 -0.0000 -0.0000 -0.0000 -0.0000 -0.0000 -0.0000 -0.0000 -0.0000 -0.0000 -0.0000 -0.0000 -0.0000 -0.0000 -0.0000 -0.0000 -0.0000 -0.0000 -0.0000 -0.0000 -0.0000 -0.0000 -0.0000 -0.0000 -0.0000 -0.0000 -0.0000 -0.0000 -0.0000 -0.0000 -0.0000 -0.0000 -0.0000 -0.0000 -0.0000 -0.0000 -0.0000 -0.0000 -0.0000 -0.0000 -0.0000 -0.0000 -0.0000 -0.0000 -0.0000 -0.0000 -0.0000 -0.0000 -0.0000 -0.0000 -0.0000 -0.0000 -0.0000 -0.0000 -0.0000 -0.0000
-0.0000 -0.0000 -0.0000 -0.0000 -0.0000 -0.0000 -0.0000 -0.0000 -0.0000 -0.0000 -0.0000 -0.0000 -0.0000 -0.0000 -0.0000 -0.0000 -0.0000 -0.0000 -0.0000 -0.0000 -0.0000 -0.0000 -0.0000 -0.0000 -0.0000 -0.0000 -0.0000 -0.0000 -0.0000 -0.0000 -0.0000 -0.0000 -0.0000 -0.0000 -0.0000 -0.0000 -0.0000 -0.0000 -0.0000 -0.0000 -0.0000 -0.0000 -0.0000 -0.0000 -0.0000 -0.0000 -0.0000 -0.0000 -0.0000 -0.0000 -0.0000 -0.0000 -0.0000 -0.0000 -0.0000 -0.0000 -0.0000 -0.0000 -0.0000 -0.0000
-0.0000 -0.0000 -0.0000 -0.0000 -0.0000 -0.0000 -0.0000 -0.0000 -0.0000 -0.0000 -0.0000 -0.0000 -0.0000 -0.0000 -0.0000 -0.0000 -0.0000 -0.0000 -0.0000 -0.0000 -0.0000 -0.0000 -0.0000 -0.0000 -0.0000 -0.0000 -0.0000 -0.0000 -0.0000 -0.0000 -0.0000 -0.0000 -0.0000 -0.0000 -0.0000 -0.0000 -0.0000 -0.0000 -0.0000 -0.0000 -0.0000 -0.0000 -0.0000 -0.0000 -0.0000 -0.0000 -0.0000 -0.0000 -0.0000 -0.0000 -0.0000 -0.0000 -0.0000 -0.0000 -0.0000 -0.0000 -0.0000 -0.0000 -0.0000 -0.0000
-0.0000 -0.0000 -0.0000 -0.0000 -0.0000 -0.0000 -0.0000 -0.0000 -0.0000 -0.0000 -0.0000 -0.0000 -0.0000 -0.0000 -0.0000 -0.0000 -0.0000 -0.0000 -0.0000 -0.0000 -0.0000 -0.0000 -0.0000 -0.0000 -0.0000 -0.0000 -0.0000 -0.0000 -0.0000 -0.0000 -0.0000 -0.0000 -0.0000 -0.0000 -0.0000 -0.0000 -0.0000 -0.0000 -0.0000 -0.0000 -0.0000 -0.0000 -0.0000 -0.0000 -0.0000 -0.0000 -0.0000 -0.0000 -0.0000 -0.0000 -0.0000 -0.0000 -0.0000 -0.0000 -0.0000 -0.0000 -0.0000 -0.0000 -0.0000 -0.0000
